Scaffold	Start	Coverage	Blanked
scaffold_10	21539	1	340
scaffold_10	21540	1	341
scaffold_10	21541	1	342
scaffold_10	21542	1	343
scaffold_10	21543	1	344
scaffold_10	21544	1	345
scaffold_10	21545	1	346
scaffold_10	21546	1	347
scaffold_10	21547	1	348
scaffold_10	21548	1	349
scaffold_10	21549	1	350
scaffold_10	21550	1	351
scaffold_10	21551	1	352
scaffold_10	21552	1	353
scaffold_10	21553	1	354
scaffold_10	21554	1	355
scaffold_10	21555	1	356
scaffold_10	21556	1	357
scaffold_10	21557	1	358
scaffold_10	21558	1	359
scaffold_10	21559	1	360
scaffold_10	21560	1	361
scaffold_10	21561	1	362
scaffold_10	21562	1	363
scaffold_10	21563	1	364
scaffold_10	21564	1	365
scaffold_10	21565	1	366
scaffold_10	21566	1	367
scaffold_10	21567	1	368
scaffold_10	21568	1	369
scaffold_10	21569	1	370
scaffold_10	21570	1	371
scaffold_10	21571	1	372
scaffold_10	21572	1	373
scaffold_10	21573	1	374
scaffold_10	21574	1	375
scaffold_10	21575	1	376
scaffold_10	21576	1	377
scaffold_10	21577	1	378
scaffold_10	21578	1	379
scaffold_10	21579	1	380
scaffold_10	21580	1	381
scaffold_10	21581	1	382
scaffold_10	21582	1	383
scaffold_10	21583	1	384
scaffold_10	21584	1	385
scaffold_10	21585	1	386
scaffold_10	21586	1	387
scaffold_10	21587	1	388
scaffold_10	21588	1	389
scaffold_10	21589	1	390
scaffold_10	21590	1	391
scaffold_10	21591	1	392
scaffold_10	21592	1	393
scaffold_10	21593	1	394
scaffold_10	21594	1	395
scaffold_10	21595	1	396
scaffold_10	21596	1	397
scaffold_10	21597	1	398
scaffold_10	21598	1	399
scaffold_10	21599	1	400
scaffold_10	21600	1	401
scaffold_10	21601	1	402
scaffold_10	21602	1	403
scaffold_10	21603	1	404
scaffold_10	21604	1	405
scaffold_10	21605	1	406
scaffold_10	21606	1	407
scaffold_10	21607	1	408
scaffold_10	21608	1	409
scaffold_10	21609	1	410
scaffold_10	21610	1	411
scaffold_10	21611	1	412
scaffold_10	21612	1	413
scaffold_10	21613	1	414
scaffold_10	21614	1	415
scaffold_10	21615	1	416
scaffold_10	21616	1	417
scaffold_10	21617	1	418
scaffold_10	21618	1	419
scaffold_10	21619	1	420
scaffold_10	21620	1	421
scaffold_10	21621	1	422
scaffold_10	21622	1	423
scaffold_10	21623	1	424
scaffold_10	21624	1	425
scaffold_10	21625	1	426
scaffold_10	21626	1	427
scaffold_10	21627	1	428
scaffold_10	21628	1	429
scaffold_10	21629	1	430
scaffold_10	21630	1	431
scaffold_10	21631	1	432
scaffold_10	21632	1	433
scaffold_10	21633	1	434
scaffold_10	21634	1	435
scaffold_10	21635	1	436
scaffold_10	21636	1	437
scaffold_10	21637	1	438
scaffold_10	21638	1	439
scaffold_10	21639	1	440
scaffold_10	21640	1	441
scaffold_10	21641	1	442
scaffold_10	21642	1	443
scaffold_10	21643	1	444
scaffold_10	21644	1	445
scaffold_10	21645	1	446
scaffold_10	21646	1	447
scaffold_10	21647	1	448
scaffold_10	21648	1	449
scaffold_10	21649	1	450
scaffold_10	21650	1	451
scaffold_10	21651	1	452
scaffold_10	21652	1	453
scaffold_10	21653	1	454
scaffold_10	21654	1	455
scaffold_10	21655	1	456
scaffold_10	21656	1	457
scaffold_10	21657	1	458
scaffold_10	21658	1	459
scaffold_10	21659	1	460
scaffold_10	21660	1	461
scaffold_10	21661	1	462
scaffold_10	21662	1	463
scaffold_10	21663	1	464
scaffold_10	21664	1	465
scaffold_10	21665	1	466
scaffold_10	21666	1	467
scaffold_10	21667	1	468
scaffold_10	21668	1	469
scaffold_10	21669	1	470
scaffold_10	21670	1	471
scaffold_10	21671	1	472
scaffold_10	21672	1	473
scaffold_10	21673	1	474
scaffold_10	21674	1	475
scaffold_10	21675	1	476
scaffold_10	21676	1	477
scaffold_10	21677	1	478
scaffold_10	21678	1	479
scaffold_10	21679	1	480
scaffold_10	21680	1	481
scaffold_10	21681	1	482
scaffold_10	21682	1	483
scaffold_10	21683	1	484
scaffold_10	21684	1	485
scaffold_10	21685	1	486
scaffold_10	21686	1	487
scaffold_10	21687	1	488
scaffold_10	21688	1	489
scaffold_10	21689	1	490
scaffold_10	21690	1	491
scaffold_10	21691	1	492
scaffold_10	21692	1	493
scaffold_10	21693	1	494
scaffold_10	21694	2	495
scaffold_10	21695	2	496
scaffold_10	21696	4	497
scaffold_10	21697	5	498
scaffold_10	21698	5	499
scaffold_10	21699	6	500
scaffold_10	21700	11	501
scaffold_10	21701	17	502
scaffold_10	21702	25	503
scaffold_10	21703	42	504
scaffold_10	21704	63	505
scaffold_10	21705	64	506
scaffold_10	21706	66	507
scaffold_10	21707	66	508
scaffold_10	21708	70	509
scaffold_10	21709	96	510
scaffold_10	21710	96	511
scaffold_10	21711	154	512
scaffold_10	21712	167	513
scaffold_10	21713	167	514
scaffold_10	21714	191	515
scaffold_10	21715	198	516
scaffold_10	21716	202	517
scaffold_10	21717	202	518
scaffold_10	21718	202	519
scaffold_10	21719	204	520
scaffold_10	21720	207	521
scaffold_10	21721	206	522
scaffold_10	21722	217	523
scaffold_10	21723	217	524
scaffold_10	21724	216	525
scaffold_10	21725	218	526
scaffold_10	21726	219	527
scaffold_10	21727	218	528
scaffold_10	21728	229	529
scaffold_10	21729	238	530
scaffold_10	21730	235	531
scaffold_10	21731	238	532
scaffold_10	21732	238	533
scaffold_10	21733	238	534
scaffold_10	21734	241	535
scaffold_10	21735	241	536
scaffold_10	21736	241	537
scaffold_10	21737	245	538
scaffold_10	21738	243	539
scaffold_10	21739	251	540
scaffold_10	21740	256	541
scaffold_10	21741	258	542
scaffold_10	21742	259	543
scaffold_10	21743	262	544
scaffold_10	21744	263	545
scaffold_10	21745	259	546
scaffold_10	21746	268	547
scaffold_10	21747	270	548
scaffold_10	21748	278	549
scaffold_10	21749	278	550
scaffold_10	21750	283	551
scaffold_10	21751	285	552
scaffold_10	21752	288	553
scaffold_10	21753	289	554
scaffold_10	21754	299	555
scaffold_10	21755	300	556
scaffold_10	21756	300	557
scaffold_10	21757	303	558
scaffold_10	21758	303	559
scaffold_10	21759	305	560
scaffold_10	21760	331	561
scaffold_10	21761	332	562
scaffold_10	21762	329	563
scaffold_10	21763	331	564
scaffold_10	21764	332	565
scaffold_10	21765	331	566
scaffold_10	21766	336	567
scaffold_10	21767	342	568
scaffold_10	21768	347	569
scaffold_10	21769	349	570
scaffold_10	21770	352	571
scaffold_10	21771	362	572
scaffold_10	21772	362	573
scaffold_10	21773	365	574
scaffold_10	21774	363	575
scaffold_10	21775	354	576
scaffold_10	21776	370	577
scaffold_10	21777	372	578
scaffold_10	21778	371	579
scaffold_10	21779	374	580
scaffold_10	21780	375	581
scaffold_10	21781	377	582
scaffold_10	21782	375	583
scaffold_10	21783	382	584
scaffold_10	21784	383	585
scaffold_10	21785	383	586
scaffold_10	21786	387	587
scaffold_10	21787	386	588
scaffold_10	21788	385	589
scaffold_10	21789	386	590
scaffold_10	21790	388	591
scaffold_10	21791	391	592
scaffold_10	21792	393	593
scaffold_10	21793	391	594
scaffold_10	21794	393	595
scaffold_10	21795	393	596
scaffold_10	21796	395	597
scaffold_10	21797	400	598
scaffold_10	21798	398	599
scaffold_10	21799	399	600
scaffold_10	21800	401	601
scaffold_10	21801	408	602
scaffold_10	21802	409	603
scaffold_10	21803	410	604
scaffold_10	21804	410	605
scaffold_10	21805	413	606
scaffold_10	21806	414	607
scaffold_10	21807	416	608
scaffold_10	21808	410	609
scaffold_10	21809	416	610
scaffold_10	21810	411	611
scaffold_10	21811	418	612
scaffold_10	21812	416	613
scaffold_10	21813	406	614
scaffold_10	21814	416	615
scaffold_10	21815	434	616
scaffold_10	21816	436	617
scaffold_10	21817	433	618
scaffold_10	21818	436	619
scaffold_10	21819	432	620
scaffold_10	21820	437	621
scaffold_10	21821	435	622
scaffold_10	21822	434	623
scaffold_10	21823	442	624
scaffold_10	21824	442	625
scaffold_10	21825	440	626
scaffold_10	21826	442	627
scaffold_10	21827	445	628
scaffold_10	21828	450	629
scaffold_10	21829	451	630
scaffold_10	21830	449	631
scaffold_10	21831	450	632
scaffold_10	21832	452	633
scaffold_10	21833	452	634
scaffold_10	21834	452	635
scaffold_10	21835	456	636
scaffold_10	21836	457	637
scaffold_10	21837	458	638
scaffold_10	21838	458	639
scaffold_10	21839	457	640
scaffold_10	21840	456	641
scaffold_10	21841	458	642
scaffold_10	21842	457	643
scaffold_10	21843	454	644
scaffold_10	21844	460	645
scaffold_10	21845	470	646
scaffold_10	21846	468	647
scaffold_10	21847	477	648
scaffold_10	21848	481	649
scaffold_10	21849	470	650
scaffold_10	21850	480	651
scaffold_10	21851	470	652
scaffold_10	21852	469	653
scaffold_10	21853	461	654
scaffold_10	21854	455	655
scaffold_10	21855	452	656
scaffold_10	21856	454	657
scaffold_10	21857	464	658
scaffold_10	21858	468	659
scaffold_10	21859	459	660
scaffold_10	21860	456	661
scaffold_10	21861	450	662
scaffold_10	21862	447	663
scaffold_10	21863	449	664
scaffold_10	21864	430	665
scaffold_10	21865	437	666
scaffold_10	21866	431	667
scaffold_10	21867	458	668
scaffold_10	21868	464	669
scaffold_10	21869	459	670
scaffold_10	21870	457	671
scaffold_10	21871	465	672
scaffold_10	21872	455	673
scaffold_10	21873	465	674
scaffold_10	21874	460	675
scaffold_10	21875	474	676
scaffold_10	21876	473	677
scaffold_10	21877	477	678
scaffold_10	21878	473	679
scaffold_10	21879	469	680
scaffold_10	21880	471	681
scaffold_10	21881	467	682
scaffold_10	21882	484	683
scaffold_10	21883	486	684
scaffold_10	21884	485	685
scaffold_10	21885	485	686
scaffold_10	21886	482	687
scaffold_10	21887	489	688
scaffold_10	21888	490	689
scaffold_10	21889	497	690
scaffold_10	21890	494	691
scaffold_10	21891	494	692
scaffold_10	21892	496	693
scaffold_10	21893	489	694
scaffold_10	21894	495	695
scaffold_10	21895	499	696
scaffold_10	21896	495	697
scaffold_10	21897	493	698
scaffold_10	21898	484	699
scaffold_10	21899	479	700
scaffold_10	21900	486	701
scaffold_10	21901	493	702
scaffold_10	21902	493	703
scaffold_10	21903	487	704
scaffold_10	21904	483	705
scaffold_10	21905	482	706
scaffold_10	21906	481	707
scaffold_10	21907	490	708
scaffold_10	21908	492	709
scaffold_10	21909	503	710
scaffold_10	21910	479	711
scaffold_10	21911	479	712
scaffold_10	21912	489	713
scaffold_10	21913	493	714
scaffold_10	21914	496	715
scaffold_10	21915	494	716
scaffold_10	21916	513	717
scaffold_10	21917	500	718
scaffold_10	21918	503	719
scaffold_10	21919	508	720
scaffold_10	21920	510	721
scaffold_10	21921	518	722
scaffold_10	21922	508	723
scaffold_10	21923	510	724
scaffold_10	21924	507	725
scaffold_10	21925	512	726
scaffold_10	21926	520	727
scaffold_10	21927	517	728
scaffold_10	21928	517	729
scaffold_10	21929	507	730
scaffold_10	21930	525	731
scaffold_10	21931	524	732
scaffold_10	21932	540	733
scaffold_10	21933	527	734
scaffold_10	21934	540	735
scaffold_10	21935	551	736
scaffold_10	21936	549	737
scaffold_10	21937	555	738
scaffold_10	21938	563	739
scaffold_10	21939	567	740
scaffold_10	21940	565	741
scaffold_10	21941	571	742
scaffold_10	21942	562	743
scaffold_10	21943	567	744
scaffold_10	21944	576	745
scaffold_10	21945	578	746
scaffold_10	21946	572	747
scaffold_10	21947	558	748
scaffold_10	21948	561	749
scaffold_10	21949	582	750
scaffold_10	21950	587	751
scaffold_10	21951	589	752
scaffold_10	21952	596	753
scaffold_10	21953	596	754
scaffold_10	21954	592	755
scaffold_10	21955	591	756
scaffold_10	21956	587	757
scaffold_10	21957	586	758
scaffold_10	21958	589	759
scaffold_10	21959	590	760
scaffold_10	21960	593	761
scaffold_10	21961	593	762
scaffold_10	21962	587	763
scaffold_10	21963	588	764
scaffold_10	21964	590	765
scaffold_10	21965	587	766
scaffold_10	21966	584	767
scaffold_10	21967	585	768
scaffold_10	21968	586	769
scaffold_10	21969	582	770
scaffold_10	21970	577	771
scaffold_10	21971	588	772
scaffold_10	21972	590	773
scaffold_10	21973	587	774
scaffold_10	21974	586	775
scaffold_10	21975	591	776
scaffold_10	21976	588	777
scaffold_10	21977	596	778
scaffold_10	21978	606	779
scaffold_10	21979	604	780
scaffold_10	21980	608	781
scaffold_10	21981	595	782
scaffold_10	21982	604	783
scaffold_10	21983	604	784
scaffold_10	21984	604	785
scaffold_10	21985	601	786
scaffold_10	21986	604	787
scaffold_10	21987	603	788
scaffold_10	21988	612	789
scaffold_10	21989	610	790
scaffold_10	21990	619	791
scaffold_10	21991	625	792
scaffold_10	21992	612	793
scaffold_10	21993	617	794
scaffold_10	21994	610	795
scaffold_10	21995	609	796
scaffold_10	21996	620	797
scaffold_10	21997	618	798
scaffold_10	21998	608	799
scaffold_10	21999	609	800
scaffold_10	22000	599	801
scaffold_10	22001	622	802
scaffold_10	22002	613	803
scaffold_10	22003	624	804
scaffold_10	22004	619	805
scaffold_10	22005	621	806
scaffold_10	22006	607	807
scaffold_10	22007	609	808
scaffold_10	22008	605	809
scaffold_10	22009	607	810
scaffold_10	22010	613	811
scaffold_10	22011	599	812
scaffold_10	22012	612	813
scaffold_10	22013	605	814
scaffold_10	22014	607	815
scaffold_10	22015	608	816
scaffold_10	22016	614	817
scaffold_10	22017	604	818
scaffold_10	22018	604	819
scaffold_10	22019	606	820
scaffold_10	22020	618	821
scaffold_10	22021	619	822
scaffold_10	22022	619	823
scaffold_10	22023	621	824
scaffold_10	22024	621	825
scaffold_10	22025	629	826
scaffold_10	22026	622	827
scaffold_10	22027	627	828
scaffold_10	22028	625	829
scaffold_10	22029	634	830
scaffold_10	22030	634	831
scaffold_10	22031	634	832
scaffold_10	22032	623	833
scaffold_10	22033	620	834
scaffold_10	22034	619	835
scaffold_10	22035	614	836
scaffold_10	22036	624	837
scaffold_10	22037	621	838
scaffold_10	22038	609	839
scaffold_10	22039	608	840
scaffold_10	22040	610	841
scaffold_10	22041	600	842
scaffold_10	22042	605	843
scaffold_10	22043	608	844
scaffold_10	22044	596	845
scaffold_10	22045	576	846
scaffold_10	22046	590	847
scaffold_10	22047	596	848
scaffold_10	22048	598	849
scaffold_10	22049	600	850
scaffold_10	22050	599	851
scaffold_10	22051	585	852
scaffold_10	22052	586	853
scaffold_10	22053	594	854
scaffold_10	22054	591	855
scaffold_10	22055	600	856
scaffold_10	22056	599	857
scaffold_10	22057	594	858
scaffold_10	22058	590	859
scaffold_10	22059	594	860
scaffold_10	22060	602	861
scaffold_10	22061	601	862
scaffold_10	22062	604	863
scaffold_10	22063	607	864
scaffold_10	22064	599	865
scaffold_10	22065	604	866
scaffold_10	22066	592	867
scaffold_10	22067	600	868
scaffold_10	22068	596	869
scaffold_10	22069	592	870
scaffold_10	22070	592	871
scaffold_10	22071	579	872
scaffold_10	22072	580	873
scaffold_10	22073	581	874
scaffold_10	22074	582	875
scaffold_10	22075	580	876
scaffold_10	22076	578	877
scaffold_10	22077	576	878
scaffold_10	22078	579	879
scaffold_10	22079	580	880
scaffold_10	22080	595	881
scaffold_10	22081	601	882
scaffold_10	22082	558	883
scaffold_10	22083	563	884
scaffold_10	22084	547	885
scaffold_10	22085	548	886
scaffold_10	22086	557	887
scaffold_10	22087	545	888
scaffold_10	22088	535	889
scaffold_10	22089	537	890
scaffold_10	22090	537	891
scaffold_10	22091	532	892
scaffold_10	22092	530	893
scaffold_10	22093	531	894
scaffold_10	22094	530	895
scaffold_10	22095	532	896
scaffold_10	22096	525	897
scaffold_10	22097	543	898
scaffold_10	22098	547	899
scaffold_10	22099	518	900
scaffold_10	22100	523	901
scaffold_10	22101	515	902
scaffold_10	22102	520	903
scaffold_10	22103	514	904
scaffold_10	22104	524	905
scaffold_10	22105	531	906
scaffold_10	22106	528	907
scaffold_10	22107	529	908
scaffold_10	22108	522	909
scaffold_10	22109	525	910
scaffold_10	22110	527	911
scaffold_10	22111	516	912
scaffold_10	22112	490	913
scaffold_10	22113	510	914
scaffold_10	22114	508	915
scaffold_10	22115	496	916
scaffold_10	22116	500	917
scaffold_10	22117	503	918
scaffold_10	22118	497	919
scaffold_10	22119	506	920
scaffold_10	22120	499	921
scaffold_10	22121	479	922
scaffold_10	22122	480	923
scaffold_10	22123	464	924
scaffold_10	22124	462	925
scaffold_10	22125	464	926
scaffold_10	22126	463	927
scaffold_10	22127	465	928
scaffold_10	22128	459	929
scaffold_10	22129	467	930
scaffold_10	22130	462	931
scaffold_10	22131	467	932
scaffold_10	22132	473	933
scaffold_10	22133	473	934
scaffold_10	22134	458	935
scaffold_10	22135	446	936
scaffold_10	22136	477	937
scaffold_10	22137	479	938
scaffold_10	22138	482	939
scaffold_10	22139	476	940
scaffold_10	22140	479	941
scaffold_10	22141	474	942
scaffold_10	22142	474	943
scaffold_10	22143	484	944
scaffold_10	22144	480	945
scaffold_10	22145	481	946
scaffold_10	22146	479	947
scaffold_10	22147	468	948
scaffold_10	22148	475	949
scaffold_10	22149	475	950
scaffold_10	22150	472	951
scaffold_10	22151	472	952
scaffold_10	22152	472	953
scaffold_10	22153	467	954
scaffold_10	22154	469	955
scaffold_10	22155	435	956
scaffold_10	22156	432	957
scaffold_10	22157	438	958
scaffold_10	22158	441	959
scaffold_10	22159	442	960
scaffold_10	22160	436	961
scaffold_10	22161	443	962
scaffold_10	22162	439	963
scaffold_10	22163	447	964
scaffold_10	22164	456	965
scaffold_10	22165	468	966
scaffold_10	22166	469	967
scaffold_10	22167	473	968
scaffold_10	22168	456	969
scaffold_10	22169	454	970
scaffold_10	22170	469	971
scaffold_10	22171	463	972
scaffold_10	22172	470	973
scaffold_10	22173	470	974
scaffold_10	22174	471	975
scaffold_10	22175	452	976
scaffold_10	22176	464	977
scaffold_10	22177	464	978
scaffold_10	22178	461	979
scaffold_10	22179	463	980
scaffold_10	22180	455	981
scaffold_10	22181	453	982
scaffold_10	22182	446	983
scaffold_10	22183	447	984
scaffold_10	22184	449	985
scaffold_10	22185	449	986
scaffold_10	22186	444	987
scaffold_10	22187	437	988
scaffold_10	22188	447	989
scaffold_10	22189	452	990
scaffold_10	22190	457	991
scaffold_10	22191	458	992
scaffold_10	22192	452	993
scaffold_10	22193	446	994
scaffold_10	22194	447	995
scaffold_10	22195	449	996
scaffold_10	22196	460	997
scaffold_10	22197	461	998
scaffold_10	22198	459	999
scaffold_10	22199	464	1000
scaffold_10	22200	462	1001
scaffold_10	22201	461	1002
scaffold_10	22202	461	1003
scaffold_10	22203	462	1004
scaffold_10	22204	464	1005
scaffold_10	22205	463	1006
scaffold_10	22206	461	1007
scaffold_10	22207	461	1008
scaffold_10	22208	460	1009
scaffold_10	22209	473	1010
scaffold_10	22210	467	1011
scaffold_10	22211	468	1012
scaffold_10	22212	456	1013
scaffold_10	22213	458	1014
scaffold_10	22214	462	1015
scaffold_10	22215	441	1016
scaffold_10	22216	439	1017
scaffold_10	22217	441	1018
scaffold_10	22218	442	1019
scaffold_10	22219	435	1020
scaffold_10	22220	454	1021
scaffold_10	22221	459	1022
scaffold_10	22222	468	1023
scaffold_10	22223	464	1024
scaffold_10	22224	470	1025
scaffold_10	22225	464	1026
scaffold_10	22226	469	1027
scaffold_10	22227	476	1028
scaffold_10	22228	479	1029
scaffold_10	22229	484	1030
scaffold_10	22230	480	1031
scaffold_10	22231	480	1032
scaffold_10	22232	476	1033
scaffold_10	22233	476	1034
scaffold_10	22234	480	1035
scaffold_10	22235	495	1036
scaffold_10	22236	491	1037
scaffold_10	22237	486	1038
scaffold_10	22238	489	1039
scaffold_10	22239	488	1040
scaffold_10	22240	494	1041
scaffold_10	22241	497	1042
scaffold_10	22242	497	1043
scaffold_10	22243	494	1044
scaffold_10	22244	493	1045
scaffold_10	22245	497	1046
scaffold_10	22246	496	1047
scaffold_10	22247	496	1048
scaffold_10	22248	496	1049
scaffold_10	22249	504	1050
scaffold_10	22250	497	1051
scaffold_10	22251	508	1052
scaffold_10	22252	511	1053
scaffold_10	22253	509	1054
scaffold_10	22254	508	1055
scaffold_10	22255	520	1056
scaffold_10	22256	524	1057
scaffold_10	22257	522	1058
scaffold_10	22258	519	1059
scaffold_10	22259	530	1060
scaffold_10	22260	526	1061
scaffold_10	22261	537	1062
scaffold_10	22262	538	1063
scaffold_10	22263	528	1064
scaffold_10	22264	536	1065
scaffold_10	22265	539	1066
scaffold_10	22266	545	1067
scaffold_10	22267	575	1068
scaffold_10	22268	568	1069
scaffold_10	22269	569	1070
scaffold_10	22270	576	1071
scaffold_10	22271	578	1072
scaffold_10	22272	575	1073
scaffold_10	22273	576	1074
scaffold_10	22274	580	1075
scaffold_10	22275	585	1076
scaffold_10	22276	586	1077
scaffold_10	22277	586	1078
scaffold_10	22278	583	1079
scaffold_10	22279	583	1080
scaffold_10	22280	583	1081
scaffold_10	22281	579	1082
scaffold_10	22282	581	1083
scaffold_10	22283	584	1084
scaffold_10	22284	584	1085
scaffold_10	22285	581	1086
scaffold_10	22286	574	1087
scaffold_10	22287	562	1088
scaffold_10	22288	557	1089
scaffold_10	22289	553	1090
scaffold_10	22290	555	1091
scaffold_10	22291	557	1092
scaffold_10	22292	553	1093
scaffold_10	22293	554	1094
scaffold_10	22294	559	1095
scaffold_10	22295	555	1096
scaffold_10	22296	558	1097
scaffold_10	22297	558	1098
scaffold_10	22298	561	1099
scaffold_10	22299	556	1100
scaffold_10	22300	557	1101
scaffold_10	22301	559	1102
scaffold_10	22302	566	1103
scaffold_10	22303	565	1104
scaffold_10	22304	561	1105
scaffold_10	22305	560	1106
scaffold_10	22306	559	1107
scaffold_10	22307	556	1108
scaffold_10	22308	564	1109
scaffold_10	22309	559	1110
scaffold_10	22310	564	1111
scaffold_10	22311	551	1112
scaffold_10	22312	542	1113
scaffold_10	22313	536	1114
scaffold_10	22314	512	1115
scaffold_10	22315	480	1116
scaffold_10	22316	463	1117
scaffold_10	22317	469	1118
scaffold_10	22318	476	1119
scaffold_10	22319	481	1120
scaffold_10	22320	473	1121
scaffold_10	22321	471	1122
scaffold_10	22322	473	1123
scaffold_10	22323	466	1124
scaffold_10	22324	475	1125
scaffold_10	22325	473	1126
scaffold_10	22326	468	1127
scaffold_10	22327	472	1128
scaffold_10	22328	472	1129
scaffold_10	22329	475	1130
scaffold_10	22330	475	1131
scaffold_10	22331	473	1132
scaffold_10	22332	471	1133
scaffold_10	22333	471	1134
scaffold_10	22334	475	1135
scaffold_10	22335	478	1136
scaffold_10	22336	478	1137
scaffold_10	22337	477	1138
scaffold_10	22338	476	1139
scaffold_10	22339	472	1140
scaffold_10	22340	472	1141
scaffold_10	22341	475	1142
scaffold_10	22342	478	1143
scaffold_10	22343	479	1144
scaffold_10	22344	480	1145
scaffold_10	22345	472	1146
scaffold_10	22346	447	1147
scaffold_10	22347	449	1148
scaffold_10	22348	444	1149
scaffold_10	22349	438	1150
scaffold_10	22350	444	1151
scaffold_10	22351	437	1152
scaffold_10	22352	452	1153
scaffold_10	22353	456	1154
scaffold_10	22354	450	1155
scaffold_10	22355	457	1156
scaffold_10	22356	456	1157
scaffold_10	22357	443	1158
scaffold_10	22358	435	1159
scaffold_10	22359	437	1160
scaffold_10	22360	440	1161
scaffold_10	22361	430	1162
scaffold_10	22362	439	1163
scaffold_10	22363	437	1164
scaffold_10	22364	433	1165
scaffold_10	22365	433	1166
scaffold_10	22366	431	1167
scaffold_10	22367	428	1168
scaffold_10	22368	419	1169
scaffold_10	22369	430	1170
scaffold_10	22370	433	1171
scaffold_10	22371	436	1172
scaffold_10	22372	427	1173
scaffold_10	22373	431	1174
scaffold_10	22374	425	1175
scaffold_10	22375	429	1176
scaffold_10	22376	424	1177
scaffold_10	22377	420	1178
scaffold_10	22378	422	1179
scaffold_10	22379	430	1180
scaffold_10	22380	429	1181
scaffold_10	22381	433	1182
scaffold_10	22382	428	1183
scaffold_10	22383	452	1184
scaffold_10	22384	451	1185
scaffold_10	22385	440	1186
scaffold_10	22386	449	1187
scaffold_10	22387	452	1188
scaffold_10	22388	449	1189
scaffold_10	22389	452	1190
scaffold_10	22390	436	1191
scaffold_10	22391	434	1192
scaffold_10	22392	435	1193
scaffold_10	22393	434	1194
scaffold_10	22394	431	1195
scaffold_10	22395	426	1196
scaffold_10	22396	427	1197
scaffold_10	22397	425	1198
scaffold_10	22398	425	1199
scaffold_10	22399	432	1200
scaffold_10	22400	428	1201
scaffold_10	22401	418	1202
scaffold_10	22402	421	1203
scaffold_10	22403	420	1204
scaffold_10	22404	415	1205
scaffold_10	22405	412	1206
scaffold_10	22406	408	1207
scaffold_10	22407	405	1208
scaffold_10	22408	404	1209
scaffold_10	22409	404	1210
scaffold_10	22410	407	1211
scaffold_10	22411	400	1212
scaffold_10	22412	398	1213
scaffold_10	22413	400	1214
scaffold_10	22414	401	1215
scaffold_10	22415	399	1216
scaffold_10	22416	403	1217
scaffold_10	22417	392	1218
scaffold_10	22418	396	1219
scaffold_10	22419	397	1220
scaffold_10	22420	397	1221
scaffold_10	22421	407	1222
scaffold_10	22422	398	1223
scaffold_10	22423	402	1224
scaffold_10	22424	399	1225
scaffold_10	22425	400	1226
scaffold_10	22426	400	1227
scaffold_10	22427	405	1228
scaffold_10	22428	403	1229
scaffold_10	22429	407	1230
scaffold_10	22430	402	1231
scaffold_10	22431	409	1232
scaffold_10	22432	407	1233
scaffold_10	22433	412	1234
scaffold_10	22434	434	1235
scaffold_10	22435	435	1236
scaffold_10	22436	432	1237
scaffold_10	22437	447	1238
scaffold_10	22438	444	1239
scaffold_10	22439	451	1240
scaffold_10	22440	454	1241
scaffold_10	22441	452	1242
scaffold_10	22442	456	1243
scaffold_10	22443	455	1244
scaffold_10	22444	457	1245
scaffold_10	22445	447	1246
scaffold_10	22446	454	1247
scaffold_10	22447	450	1248
scaffold_10	22448	453	1249
scaffold_10	22449	451	1250
scaffold_10	22450	458	1251
scaffold_10	22451	449	1252
scaffold_10	22452	458	1253
scaffold_10	22453	460	1254
scaffold_10	22454	449	1255
scaffold_10	22455	458	1256
scaffold_10	22456	457	1257
scaffold_10	22457	452	1258
scaffold_10	22458	450	1259
scaffold_10	22459	439	1260
scaffold_10	22460	456	1261
scaffold_10	22461	454	1262
scaffold_10	22462	454	1263
scaffold_10	22463	451	1264
scaffold_10	22464	452	1265
scaffold_10	22465	442	1266
scaffold_10	22466	441	1267
scaffold_10	22467	440	1268
scaffold_10	22468	434	1269
scaffold_10	22469	441	1270
scaffold_10	22470	426	1271
scaffold_10	22471	424	1272
scaffold_10	22472	424	1273
scaffold_10	22473	424	1274
scaffold_10	22474	428	1275
scaffold_10	22475	418	1276
scaffold_10	22476	421	1277
scaffold_10	22477	432	1278
scaffold_10	22478	430	1279
scaffold_10	22479	432	1280
scaffold_10	22480	425	1281
scaffold_10	22481	425	1282
scaffold_10	22482	431	1283
scaffold_10	22483	429	1284
scaffold_10	22484	427	1285
scaffold_10	22485	428	1286
scaffold_10	22486	427	1287
scaffold_10	22487	427	1288
scaffold_10	22488	418	1289
scaffold_10	22489	424	1290
scaffold_10	22490	426	1291
scaffold_10	22491	417	1292
scaffold_10	22492	402	1293
scaffold_10	22493	401	1294
scaffold_10	22494	402	1295
scaffold_10	22495	395	1296
scaffold_10	22496	397	1297
scaffold_10	22497	395	1298
scaffold_10	22498	397	1299
scaffold_10	22499	393	1300
scaffold_10	22500	391	1301
scaffold_10	22501	393	1302
scaffold_10	22502	384	1303
scaffold_10	22503	390	1304
scaffold_10	22504	391	1305
scaffold_10	22505	388	1306
scaffold_10	22506	385	1307
scaffold_10	22507	388	1308
scaffold_10	22508	381	1309
scaffold_10	22509	381	1310
scaffold_10	22510	373	1311
scaffold_10	22511	369	1312
scaffold_10	22512	381	1313
scaffold_10	22513	383	1314
scaffold_10	22514	380	1315
scaffold_10	22515	381	1316
scaffold_10	22516	370	1317
scaffold_10	22517	377	1318
scaffold_10	22518	375	1319
scaffold_10	22519	368	1320
scaffold_10	22520	368	1321
scaffold_10	22521	355	1322
scaffold_10	22522	353	1323
scaffold_10	22523	344	1324
scaffold_10	22524	333	1325
scaffold_10	22525	335	1326
scaffold_10	22526	334	1327
scaffold_10	22527	331	1328
scaffold_10	22528	313	1329
scaffold_10	22529	319	1330
scaffold_10	22530	296	1331
scaffold_10	22531	285	1332
scaffold_10	22532	288	1333
scaffold_10	22533	238	1334
scaffold_10	22534	238	1335
scaffold_10	22535	230	1336
scaffold_10	22536	234	1337
scaffold_10	22537	223	1338
scaffold_10	22538	230	1339
scaffold_10	22539	232	1340
scaffold_10	22540	232	1341
scaffold_10	22541	232	1342
scaffold_10	22542	230	1343
scaffold_10	22543	232	1344
scaffold_10	22544	230	1345
scaffold_10	22545	228	1346
scaffold_10	22546	223	1347
scaffold_10	22547	213	1348
scaffold_10	22548	208	1349
scaffold_10	22549	195	1350
scaffold_10	22550	200	1351
scaffold_10	22551	201	1352
scaffold_10	22552	199	1353
scaffold_10	22553	199	1354
scaffold_10	22554	198	1355
scaffold_10	22555	201	1356
scaffold_10	22556	199	1357
scaffold_10	22557	198	1358
scaffold_10	22558	196	1359
scaffold_10	22559	199	1360
scaffold_10	22560	199	1361
scaffold_10	22561	198	1362
scaffold_10	22562	199	1363
scaffold_10	22563	196	1364
scaffold_10	22564	199	1365
scaffold_10	22565	195	1366
scaffold_10	22566	181	1367
scaffold_10	22567	177	1368
scaffold_10	22568	175	1369
scaffold_10	22569	170	1370
scaffold_10	22570	171	1371
scaffold_10	22571	156	1372
scaffold_10	22572	157	1373
scaffold_10	22573	157	1374
scaffold_10	22574	151	1375
scaffold_10	22575	143	1376
scaffold_10	22576	143	1377
scaffold_10	22577	134	1378
scaffold_10	22578	132	1379
scaffold_10	22579	131	1380
scaffold_10	22580	130	1381
scaffold_10	22581	113	1382
scaffold_10	22582	104	1383
scaffold_10	22583	63	1384
scaffold_10	22584	57	1385
scaffold_10	22585	57	1386
scaffold_10	22586	54	1387
scaffold_10	22587	38	1388
scaffold_10	22588	36	1389
scaffold_10	22589	24	1390
scaffold_10	22590	22	1391
scaffold_10	22591	18	1392
scaffold_10	22592	12	1393
scaffold_10	22593	8	1394
scaffold_10	22594	8	1395
scaffold_10	22595	6	1396
scaffold_10	22596	6	1397
scaffold_10	22597	7	1398
scaffold_10	22598	8	1399
scaffold_10	22599	8	1400
scaffold_10	22600	8	1401
scaffold_10	22601	8	1402
scaffold_10	22602	8	1403
scaffold_10	22603	8	1404
scaffold_10	22604	6	1405
scaffold_10	22605	7	1406
scaffold_10	22606	8	1407
scaffold_10	22607	8	1408
scaffold_10	22608	8	1409
scaffold_10	22609	8	1410
scaffold_10	22610	8	1411
scaffold_10	22611	8	1412
scaffold_10	22612	8	1413
scaffold_10	22613	8	1414
scaffold_10	22614	8	1415
scaffold_10	22615	8	1416
scaffold_10	22616	4	1417
scaffold_10	22617	4	1418
scaffold_10	22618	3	1419
scaffold_10	22619	3	1420
scaffold_10	22620	3	1421
scaffold_10	22621	3	1422
scaffold_10	22622	3	1423
scaffold_10	22623	3	1424
scaffold_10	22624	2	1425
scaffold_10	22625	3	1426
scaffold_10	22626	3	1427
scaffold_10	22627	3	1428
scaffold_10	22628	2	1429
scaffold_10	22629	1	1430
scaffold_10	22630	1	1431
scaffold_10	22631	1	1432
scaffold_10	22633	1	1434
scaffold_10	22634	1	1435
scaffold_10	22635	1	1436
scaffold_10	22637	1	1438
scaffold_10	22638	1	1439
scaffold_10	22639	1	1440
scaffold_10	22640	1	1441
scaffold_10	22643	1	1444
scaffold_10	22644	1	1445
scaffold_10	22645	1	1446
scaffold_10	22646	1	1447
scaffold_10	22658	2	1459
scaffold_10	22659	2	1460
scaffold_10	22660	2	1461
scaffold_10	22661	2	1462
scaffold_10	22662	2	1463
scaffold_10	22663	2	1464
scaffold_10	22664	2	1465
scaffold_10	22665	2	1466
scaffold_10	22666	2	1467
scaffold_10	22667	2	1468
scaffold_10	22668	2	1469
scaffold_10	22669	2	1470
scaffold_10	22670	2	1471
scaffold_10	22671	2	1472
scaffold_10	22672	2	1473
scaffold_10	22673	2	1474
scaffold_10	22674	2	1475
scaffold_10	22675	2	1476
scaffold_10	22676	2	1477
scaffold_10	22677	2	1478
scaffold_10	22678	2	1479
scaffold_10	22679	5	1480
scaffold_10	22680	5	1481
scaffold_10	22681	5	1482
scaffold_10	22682	5	1483
scaffold_10	22683	5	1484
scaffold_10	22684	5	1485
scaffold_10	22685	5	1486
scaffold_10	22686	5	1487
scaffold_10	22687	5	1488
scaffold_10	22688	5	1489
scaffold_10	22689	5	1490
scaffold_10	22690	5	1491
scaffold_10	22691	5	1492
scaffold_10	22692	5	1493
scaffold_10	22693	5	1494
scaffold_10	22694	5	1495
scaffold_10	22695	5	1496
scaffold_10	22696	5	1497
scaffold_10	22697	5	1498
scaffold_10	22698	5	1499
scaffold_10	22699	5	1500
scaffold_10	22700	5	1501
scaffold_10	22701	5	1502
scaffold_10	22702	8	1503
scaffold_10	22703	8	1504
scaffold_10	22704	8	1505
scaffold_10	22705	8	1506
scaffold_10	22706	8	1507
scaffold_10	22707	8	1508
scaffold_10	22708	8	1509
scaffold_10	22709	8	1510
scaffold_10	22710	8	1511
scaffold_10	22711	8	1512
scaffold_10	22712	8	1513
scaffold_10	22713	8	1514
scaffold_10	22714	8	1515
scaffold_10	22715	8	1516
scaffold_10	22716	8	1517
scaffold_10	22717	8	1518
scaffold_10	22718	8	1519
scaffold_10	22719	8	1520
scaffold_10	22720	8	1521
scaffold_10	22721	8	1522
scaffold_10	22722	8	1523
scaffold_10	22723	8	1524
scaffold_10	22724	8	1525
scaffold_10	22725	8	1526
scaffold_10	22726	8	1527
scaffold_10	22727	8	1528
scaffold_10	22728	8	1529
scaffold_10	22729	8	1530
scaffold_10	22730	8	1531
scaffold_10	22731	8	1532
scaffold_10	22732	8	1533
scaffold_10	22733	8	1534
scaffold_10	22734	8	1535
scaffold_10	22735	8	1536
scaffold_10	22736	8	1537
scaffold_10	22737	8	1538
scaffold_10	22738	8	1539
scaffold_10	22739	8	1540
scaffold_10	22740	8	1541
scaffold_10	22741	8	1542
scaffold_10	22742	8	1543
scaffold_10	22743	8	1544
scaffold_10	22744	8	1545
scaffold_10	22745	8	1546
scaffold_10	22746	8	1547
scaffold_10	22747	8	1548
scaffold_10	22748	8	1549
scaffold_10	22749	8	1550
scaffold_10	22750	8	1551
scaffold_10	22751	8	1552
scaffold_10	22752	8	1553
scaffold_10	22753	9	1554
scaffold_10	22754	9	1555
scaffold_10	22755	9	1556
scaffold_10	22756	9	1557
scaffold_10	22757	9	1558
scaffold_10	22758	9	1559
scaffold_10	22759	9	1560
scaffold_10	22760	9	1561
scaffold_10	22761	9	1562
scaffold_10	22762	9	1563
scaffold_10	22763	9	1564
scaffold_10	22764	9	1565
scaffold_10	22765	9	1566
scaffold_10	22766	9	1567
scaffold_10	22767	9	1568
scaffold_10	22768	9	1569
scaffold_10	22769	9	1570
scaffold_10	22770	9	1571
scaffold_10	22771	9	1572
scaffold_10	22772	9	1573
scaffold_10	22773	9	1574
scaffold_10	22774	9	1575
scaffold_10	22775	9	1576
scaffold_10	22776	9	1577
scaffold_10	22777	9	1578
scaffold_10	22778	9	1579
scaffold_10	22779	9	1580
scaffold_10	22780	9	1581
scaffold_10	22781	9	1582
scaffold_10	22782	9	1583
scaffold_10	22783	9	1584
scaffold_10	22784	9	1585
scaffold_10	22785	9	1586
scaffold_10	22786	9	1587
scaffold_10	22787	9	1588
scaffold_10	22788	9	1589
scaffold_10	22789	9	1590
scaffold_10	22790	9	1591
scaffold_10	22791	9	1592
scaffold_10	22792	9	1593
scaffold_10	22793	9	1594
scaffold_10	22794	9	1595
scaffold_10	22795	9	1596
scaffold_10	22796	9	1597
scaffold_10	22797	9	1598
scaffold_10	22798	9	1599
scaffold_10	22799	9	1600
scaffold_10	22800	9	1601
scaffold_10	22801	9	1602
scaffold_10	22802	9	1603
scaffold_10	22803	9	1604
scaffold_10	22804	9	1605
scaffold_10	22805	9	1606
scaffold_10	22806	9	1607
scaffold_10	22807	9	1608
scaffold_10	22808	7	1609
scaffold_10	22809	7	1610
scaffold_10	22810	7	1611
scaffold_10	22811	7	1612
scaffold_10	22812	7	1613
scaffold_10	22813	7	1614
scaffold_10	22814	7	1615
scaffold_10	22815	7	1616
scaffold_10	22816	7	1617
scaffold_10	22817	7	1618
scaffold_10	22818	7	1619
scaffold_10	22819	7	1620
scaffold_10	22820	7	1621
scaffold_10	22821	7	1622
scaffold_10	22822	7	1623
scaffold_10	22823	7	1624
scaffold_10	22824	7	1625
scaffold_10	22825	7	1626
scaffold_10	22826	7	1627
scaffold_10	22827	7	1628
scaffold_10	22828	7	1629
scaffold_10	22829	4	1630
scaffold_10	22830	4	1631
scaffold_10	22831	4	1632
scaffold_10	22832	4	1633
scaffold_10	22833	4	1634
scaffold_10	22834	4	1635
scaffold_10	22835	4	1636
scaffold_10	22836	4	1637
scaffold_10	22837	4	1638
scaffold_10	22838	4	1639
scaffold_10	22839	4	1640
scaffold_10	22840	4	1641
scaffold_10	22841	4	1642
scaffold_10	22842	4	1643
scaffold_10	22843	4	1644
scaffold_10	22844	4	1645
scaffold_10	22845	4	1646
scaffold_10	22846	4	1647
scaffold_10	22847	4	1648
scaffold_10	22848	4	1649
scaffold_10	22849	4	1650
scaffold_10	22850	4	1651
scaffold_10	22851	6	1652
scaffold_10	22852	6	1653
scaffold_10	22853	6	1654
scaffold_10	22854	6	1655
scaffold_10	22855	6	1656
scaffold_10	22856	6	1657
scaffold_10	22857	6	1658
scaffold_10	22858	6	1659
scaffold_10	22859	7	1660
scaffold_10	22860	7	1661
scaffold_10	22861	7	1662
scaffold_10	22862	7	1663
scaffold_10	22863	7	1664
scaffold_10	22864	7	1665
scaffold_10	22865	7	1666
scaffold_10	22866	7	1667
scaffold_10	22867	7	1668
scaffold_10	22868	7	1669
scaffold_10	22869	7	1670
scaffold_10	22870	7	1671
scaffold_10	22871	7	1672
scaffold_10	22872	7	1673
scaffold_10	22873	7	1674
scaffold_10	22874	7	1675
scaffold_10	22875	7	1676
scaffold_10	22876	7	1677
scaffold_10	22877	10	1678
scaffold_10	22878	10	1679
scaffold_10	22879	10	1680
scaffold_10	22880	10	1681
scaffold_10	22881	10	1682
scaffold_10	22882	10	1683
scaffold_10	22883	10	1684
scaffold_10	22884	10	1685
scaffold_10	22885	10	1686
scaffold_10	22886	10	1687
scaffold_10	22887	10	1688
scaffold_10	22888	10	1689
scaffold_10	22889	10	1690
scaffold_10	22890	10	1691
scaffold_10	22891	10	1692
scaffold_10	22892	10	1693
scaffold_10	22893	10	1694
scaffold_10	22894	13	1695
scaffold_10	22895	13	1696
scaffold_10	22896	13	1697
scaffold_10	22897	13	1698
scaffold_10	22898	13	1699
scaffold_10	22899	13	1700
scaffold_10	22900	13	1701
scaffold_10	22901	13	1702
scaffold_10	22902	13	1703
scaffold_10	22903	13	1704
scaffold_10	22904	13	1705
scaffold_10	22905	13	1706
scaffold_10	22906	13	1707
scaffold_10	22907	13	1708
scaffold_10	22908	13	1709
scaffold_10	22909	13	1710
scaffold_10	22910	13	1711
scaffold_10	22911	13	1712
scaffold_10	22912	13	1713
scaffold_10	22913	12	1714
scaffold_10	22914	13	1715
scaffold_10	22915	13	1716
scaffold_10	22916	13	1717
scaffold_10	22917	13	1718
scaffold_10	22918	13	1719
scaffold_10	22919	14	1720
scaffold_10	22920	14	1721
scaffold_10	22921	14	1722
scaffold_10	22922	14	1723
scaffold_10	22923	14	1724
scaffold_10	22924	14	1725
scaffold_10	22925	14	1726
scaffold_10	22926	14	1727
scaffold_10	22927	14	1728
scaffold_10	22928	14	1729
scaffold_10	22929	14	1730
scaffold_10	22930	14	1731
scaffold_10	22931	14	1732
scaffold_10	22932	14	1733
scaffold_10	22933	14	1734
scaffold_10	22934	14	1735
scaffold_10	22935	14	1736
scaffold_10	22936	14	1737
scaffold_10	22937	14	1738
scaffold_10	22938	14	1739
scaffold_10	22939	14	1740
scaffold_10	22940	14	1741
scaffold_10	22941	14	1742
scaffold_10	22942	14	1743
scaffold_10	22943	14	1744
scaffold_10	22944	14	1745
scaffold_10	22945	14	1746
scaffold_10	22946	14	1747
scaffold_10	22947	14	1748
scaffold_10	22948	14	1749
scaffold_10	22949	14	1750
scaffold_10	22950	14	1751
scaffold_10	22951	14	1752
scaffold_10	22952	14	1753
scaffold_10	22953	14	1754
scaffold_10	22954	14	1755
scaffold_10	22955	14	1756
scaffold_10	22956	14	1757
scaffold_10	22957	14	1758
scaffold_10	22958	14	1759
scaffold_10	22959	14	1760
scaffold_10	22960	14	1761
scaffold_10	22961	14	1762
scaffold_10	22962	11	1763
scaffold_10	22963	11	1764
scaffold_10	22964	11	1765
scaffold_10	22965	11	1766
scaffold_10	22966	11	1767
scaffold_10	22967	11	1768
scaffold_10	22968	11	1769
scaffold_10	22969	11	1770
scaffold_10	22970	11	1771
scaffold_10	22971	11	1772
scaffold_10	22972	11	1773
scaffold_10	22973	11	1774
scaffold_10	22974	11	1775
scaffold_10	22975	11	1776
scaffold_10	22976	11	1777
scaffold_10	22977	11	1778
scaffold_10	22978	11	1779
scaffold_10	22979	11	1780
scaffold_10	22980	14	1781
scaffold_10	22981	14	1782
scaffold_10	22982	14	1783
scaffold_10	22983	14	1784
scaffold_10	22984	14	1785
scaffold_10	22985	14	1786
scaffold_10	22986	14	1787
scaffold_10	22987	14	1788
scaffold_10	22988	14	1789
scaffold_10	22989	14	1790
scaffold_10	22990	14	1791
scaffold_10	22991	14	1792
scaffold_10	22992	14	1793
scaffold_10	22993	13	1794
scaffold_10	22994	13	1795
scaffold_10	22995	13	1796
scaffold_10	22996	13	1797
scaffold_10	22997	13	1798
scaffold_10	22998	13	1799
scaffold_10	22999	13	1800
scaffold_10	23000	13	1801
scaffold_10	23001	11	1802
scaffold_10	23002	11	1803
scaffold_10	23003	11	1804
scaffold_10	23004	11	1805
scaffold_10	23005	11	1806
scaffold_10	23006	11	1807
scaffold_10	23007	11	1808
scaffold_10	23008	11	1809
scaffold_10	23009	9	1810
scaffold_10	23010	10	1811
scaffold_10	23011	10	1812
scaffold_10	23012	10	1813
scaffold_10	23013	10	1814
scaffold_10	23014	10	1815
scaffold_10	23015	10	1816
scaffold_10	23016	10	1817
scaffold_10	23017	10	1818
scaffold_10	23018	10	1819
scaffold_10	23019	10	1820
scaffold_10	23020	10	1821
scaffold_10	23021	10	1822
scaffold_10	23022	10	1823
scaffold_10	23023	10	1824
scaffold_10	23024	10	1825
scaffold_10	23025	10	1826
scaffold_10	23026	10	1827
scaffold_10	23027	7	1828
scaffold_10	23028	6	1829
scaffold_10	23029	7	1830
scaffold_10	23030	7	1831
scaffold_10	23031	7	1832
scaffold_10	23032	7	1833
scaffold_10	23033	7	1834
scaffold_10	23034	7	1835
scaffold_10	23035	7	1836
scaffold_10	23036	8	1837
scaffold_10	23037	8	1838
scaffold_10	23038	8	1839
scaffold_10	23039	8	1840
scaffold_10	23040	8	1841
scaffold_10	23041	8	1842
scaffold_10	23042	8	1843
scaffold_10	23043	8	1844
scaffold_10	23044	8	1845
scaffold_10	23045	8	1846
scaffold_10	23046	8	1847
scaffold_10	23047	8	1848
scaffold_10	23048	8	1849
scaffold_10	23049	8	1850
scaffold_10	23050	8	1851
scaffold_10	23051	8	1852
scaffold_10	23052	8	1853
scaffold_10	23053	7	1854
scaffold_10	23054	8	1855
scaffold_10	23055	8	1856
scaffold_10	23056	8	1857
scaffold_10	23057	8	1858
scaffold_10	23058	8	1859
scaffold_10	23059	7	1860
scaffold_10	23060	8	1861
scaffold_10	23061	8	1862
scaffold_10	23062	8	1863
scaffold_10	23063	8	1864
scaffold_10	23064	8	1865
scaffold_10	23065	8	1866
scaffold_10	23066	8	1867
scaffold_10	23067	8	1868
scaffold_10	23068	9	1869
scaffold_10	23069	8	1870
scaffold_10	23070	8	1871
scaffold_10	23071	8	1872
scaffold_10	23072	8	1873
scaffold_10	23073	8	1874
scaffold_10	23074	8	1875
scaffold_10	23075	8	1876
scaffold_10	23076	8	1877
scaffold_10	23077	8	1878
scaffold_10	23078	8	1879
scaffold_10	23079	7	1880
scaffold_10	23080	8	1881
scaffold_10	23081	7	1882
scaffold_10	23082	7	1883
scaffold_10	23083	8	1884
scaffold_10	23084	7	1885
scaffold_10	23085	8	1886
scaffold_10	23086	8	1887
scaffold_10	23087	8	1888
scaffold_10	23088	8	1889
scaffold_10	23089	8	1890
scaffold_10	23090	8	1891
scaffold_10	23091	8	1892
scaffold_10	23092	8	1893
scaffold_10	23093	8	1894
scaffold_10	23094	8	1895
scaffold_10	23095	8	1896
scaffold_10	23096	8	1897
scaffold_10	23097	8	1898
scaffold_10	23098	8	1899
scaffold_10	23099	8	1900
scaffold_10	23100	8	1901
scaffold_10	23101	6	1902
scaffold_10	23102	8	1903
scaffold_10	23103	8	1904
scaffold_10	23104	8	1905
scaffold_10	23105	8	1906
scaffold_10	23106	8	1907
scaffold_10	23107	8	1908
scaffold_10	23108	8	1909
scaffold_10	23109	8	1910
scaffold_10	23110	8	1911
scaffold_10	23111	8	1912
scaffold_10	23112	8	1913
scaffold_10	23113	8	1914
scaffold_10	23114	8	1915
scaffold_10	23115	8	1916
scaffold_10	23116	8	1917
scaffold_10	23117	9	1918
scaffold_10	23118	9	1919
scaffold_10	23119	9	1920
scaffold_10	23120	9	1921
scaffold_10	23121	9	1922
scaffold_10	23122	9	1923
scaffold_10	23123	9	1924
scaffold_10	23124	9	1925
scaffold_10	23125	8	1926
scaffold_10	23126	9	1927
scaffold_10	23127	9	1928
scaffold_10	23128	9	1929
scaffold_10	23129	9	1930
scaffold_10	23130	9	1931
scaffold_10	23131	9	1932
scaffold_10	23132	8	1933
scaffold_10	23133	9	1934
scaffold_10	23134	9	1935
scaffold_10	23135	6	1936
scaffold_10	23136	6	1937
scaffold_10	23137	6	1938
scaffold_10	23138	6	1939
scaffold_10	23139	6	1940
scaffold_10	23140	6	1941
scaffold_10	23141	6	1942
scaffold_10	23142	6	1943
scaffold_10	23143	6	1944
scaffold_10	23144	6	1945
scaffold_10	23145	6	1946
scaffold_10	23146	6	1947
scaffold_10	23147	6	1948
scaffold_10	23148	6	1949
scaffold_10	23149	6	1950
scaffold_10	23150	6	1951
scaffold_10	23151	6	1952
scaffold_10	23152	6	1953
scaffold_10	23153	6	1954
scaffold_10	23154	6	1955
scaffold_10	23155	6	1956
scaffold_10	23156	6	1957
scaffold_10	23157	6	1958
scaffold_10	23158	6	1959
scaffold_10	23159	6	1960
scaffold_10	23160	6	1961
scaffold_10	23161	6	1962
scaffold_10	23162	6	1963
scaffold_10	23163	6	1964
scaffold_10	23164	6	1965
scaffold_10	23165	6	1966
scaffold_10	23166	6	1967
scaffold_10	23167	6	1968
scaffold_10	23168	6	1969
scaffold_10	23169	6	1970
scaffold_10	23170	6	1971
scaffold_10	23171	6	1972
scaffold_10	23172	6	1973
scaffold_10	23173	6	1974
scaffold_10	23174	6	1975
scaffold_10	23175	6	1976
scaffold_10	23176	6	1977
scaffold_10	23177	6	1978
scaffold_10	23178	6	1979
scaffold_10	23179	6	1980
scaffold_10	23180	6	1981
scaffold_10	23181	6	1982
scaffold_10	23182	6	1983
scaffold_10	23183	6	1984
scaffold_10	23184	6	1985
scaffold_10	23185	6	1986
scaffold_10	23186	5	1987
scaffold_10	23187	5	1988
scaffold_10	23188	5	1989
scaffold_10	23189	5	1990
scaffold_10	23190	5	1991
scaffold_10	23191	5	1992
scaffold_10	23192	5	1993
scaffold_10	23193	5	1994
scaffold_10	23194	5	1995
scaffold_10	23195	5	1996
scaffold_10	23196	5	1997
scaffold_10	23197	5	1998
scaffold_10	23198	5	1999
scaffold_10	23199	5	2000
scaffold_10	23200	5	2001
scaffold_10	23201	5	2002
scaffold_10	23202	5	2003
scaffold_10	23203	5	2004
scaffold_10	23204	6	2005
scaffold_10	23205	6	2006
scaffold_10	23206	6	2007
scaffold_10	23207	6	2008
scaffold_10	23208	6	2009
scaffold_10	23209	3	2010
scaffold_10	23210	3	2011
scaffold_10	23211	3	2012
scaffold_10	23212	3	2013
scaffold_10	23213	3	2014
scaffold_10	23214	3	2015
scaffold_10	23215	3	2016
scaffold_10	23216	3	2017
scaffold_10	23217	3	2018
scaffold_10	23218	2	2019
scaffold_10	23219	2	2020
scaffold_10	23220	2	2021
scaffold_10	23221	2	2022
scaffold_10	23222	2	2023
scaffold_10	23223	2	2024
scaffold_10	23224	2	2025
scaffold_10	23225	2	2026
scaffold_10	23226	2	2027
scaffold_10	23227	2	2028
scaffold_10	23228	2	2029
scaffold_10	23229	2	2030
scaffold_10	23230	2	2031
scaffold_10	23231	2	2032
scaffold_10	23232	2	2033
scaffold_10	23233	2	2034
scaffold_10	23234	2	2035
scaffold_10	23235	2	2036
scaffold_10	23236	2	2037
scaffold_10	23237	2	2038
scaffold_10	23238	2	2039
scaffold_10	23239	2	2040
scaffold_10	23240	2	2041
scaffold_10	23241	2	2042
scaffold_10	23242	2	2043
scaffold_10	23243	2	2044
scaffold_10	23244	2	2045
scaffold_10	23245	2	2046
scaffold_10	23246	2	2047
scaffold_10	23247	2	2048
scaffold_10	23248	2	2049
scaffold_10	23249	2	2050
scaffold_10	23250	2	2051
scaffold_10	23251	2	2052
scaffold_10	23252	2	2053
scaffold_10	23253	2	2054
scaffold_10	23254	2	2055
scaffold_10	23255	2	2056
scaffold_10	23256	2	2057
scaffold_10	23257	2	2058
scaffold_10	23258	2	2059
scaffold_10	23259	1	2060
scaffold_10	23260	2	2061
scaffold_10	23261	2	2062
scaffold_10	23262	2	2063
scaffold_10	23263	2	2064
scaffold_10	23264	2	2065
scaffold_10	23265	2	2066
scaffold_10	23266	2	2067
scaffold_10	23267	1	2068
scaffold_10	23268	1	2069
scaffold_10	23269	1	2070
scaffold_10	23270	1	2071
scaffold_10	23271	1	2072
scaffold_10	23272	1	2073
scaffold_10	23273	1	2074
scaffold_10	23274	1	2075
scaffold_10	23275	1	2076
scaffold_10	23276	1	2077
scaffold_10	23277	1	2078
scaffold_10	23278	1	2079
scaffold_10	23279	1	2080
scaffold_10	23280	1	2081
scaffold_10	23281	1	2082
scaffold_10	23282	1	2083
scaffold_10	23283	1	2084
scaffold_10	23284	1	2085
scaffold_10	23285	1	2086
scaffold_10	23286	1	2087
scaffold_10	23287	1	2088
scaffold_10	23288	1	2089
scaffold_10	23289	1	2090
scaffold_10	23290	1	2091
scaffold_10	23291	1	2092
scaffold_10	23292	1	2093
scaffold_10	23293	1	2094
scaffold_10	23294	1	2095
scaffold_10	23295	1	2096
scaffold_10	23296	1	2097
scaffold_10	23297	1	2098
scaffold_10	23298	1	2099
scaffold_10	23299	1	2100
scaffold_10	23300	1	2101
scaffold_10	23301	1	2102
scaffold_10	23302	1	2103
scaffold_10	23303	1	2104
scaffold_10	23304	1	2105
scaffold_10	23305	1	2106
scaffold_10	23306	1	2107
scaffold_10	23307	1	2108
scaffold_10	23308	1	2109
scaffold_10	23309	1	2110
scaffold_10	23310	1	2111
scaffold_10	23311	1	2112
scaffold_10	23312	1	2113
scaffold_10	23313	1	2114
scaffold_10	23314	1	2115
scaffold_10	23315	1	2116
scaffold_10	23316	1	2117
scaffold_10	23317	1	2118
scaffold_10	23318	1	2119
scaffold_10	23319	1	2120
scaffold_10	23320	1	2121
scaffold_10	23321	1	2122
scaffold_10	23322	1	2123
scaffold_10	23323	1	2124
scaffold_10	23324	1	2125
scaffold_10	23325	1	2126
scaffold_10	23326	1	2127
scaffold_10	23327	1	2128
scaffold_10	23328	1	2129
scaffold_10	23329	1	2130
scaffold_10	23330	1	2131
scaffold_10	23331	1	2132
scaffold_10	23332	1	2133
scaffold_10	23333	1	2134
scaffold_10	23334	1	2135
scaffold_10	23335	1	2136
scaffold_10	23336	1	2137
scaffold_10	23337	1	2138
scaffold_10	23338	1	2139
scaffold_10	23339	1	2140
scaffold_10	23340	1	2141
scaffold_10	23341	1	2142
scaffold_10	23342	1	2143
scaffold_10	23343	1	2144
scaffold_10	23344	1	2145
scaffold_10	23345	1	2146
scaffold_10	23346	2	2147
scaffold_10	23347	3	2148
scaffold_10	23348	3	2149
scaffold_10	23349	3	2150
scaffold_10	23350	3	2151
scaffold_10	23351	3	2152
scaffold_10	23352	3	2153
scaffold_10	23353	3	2154
scaffold_10	23354	2	2155
scaffold_10	23355	2	2156
scaffold_10	23356	2	2157
scaffold_10	23357	1	2158
scaffold_10	23358	2	2159
scaffold_10	23359	2	2160
scaffold_10	23360	2	2161
scaffold_10	23361	2	2162
scaffold_10	23362	1	2163
scaffold_10	23363	2	2164
scaffold_10	23364	2	2165
scaffold_10	23365	2	2166
scaffold_10	23366	2	2167
scaffold_10	23367	2	2168
scaffold_10	23368	2	2169
scaffold_10	23369	2	2170
scaffold_10	23370	2	2171
scaffold_10	23371	2	2172
scaffold_10	23372	2	2173
scaffold_10	23373	2	2174
scaffold_10	23374	2	2175
scaffold_10	23375	2	2176
scaffold_10	23376	2	2177
scaffold_10	23377	1	2178
scaffold_10	23378	2	2179
scaffold_10	23379	2	2180
scaffold_10	23380	2	2181
scaffold_10	23381	2	2182
scaffold_10	23382	2	2183
scaffold_10	23383	2	2184
scaffold_10	23384	2	2185
scaffold_10	23385	2	2186
scaffold_10	23386	2	2187
scaffold_10	23387	1	2188
scaffold_10	23388	2	2189
scaffold_10	23389	2	2190
scaffold_10	23390	2	2191
scaffold_10	23391	2	2192
scaffold_10	23392	2	2193
scaffold_10	23393	2	2194
scaffold_10	23394	2	2195
scaffold_10	23395	2	2196
scaffold_10	23396	1	2197
scaffold_10	23397	2	2198
scaffold_10	23398	1	2199
scaffold_10	23399	1	2200
scaffold_10	23400	2	2201
scaffold_10	23401	2	2202
scaffold_10	23402	2	2203
scaffold_10	23403	2	2204
scaffold_10	23404	2	2205
scaffold_10	23405	2	2206
scaffold_10	23406	2	2207
scaffold_10	23407	2	2208
scaffold_10	23408	2	2209
scaffold_10	23409	2	2210
scaffold_10	23410	2	2211
scaffold_10	23411	2	2212
scaffold_10	23412	1	2213
scaffold_10	23413	2	2214
scaffold_10	23414	2	2215
scaffold_10	23415	2	2216
scaffold_10	23416	2	2217
scaffold_10	23417	2	2218
scaffold_10	23418	2	2219
scaffold_10	23419	2	2220
scaffold_10	23420	2	2221
scaffold_10	23421	2	2222
scaffold_10	23422	2	2223
scaffold_10	23423	1	2224
scaffold_10	23424	2	2225
scaffold_10	23425	2	2226
scaffold_10	23426	2	2227
scaffold_10	23427	2	2228
scaffold_10	23428	1	2229
scaffold_10	23429	2	2230
scaffold_10	23430	2	2231
scaffold_10	23431	2	2232
scaffold_10	23432	2	2233
scaffold_10	23433	2	2234
scaffold_10	23434	2	2235
scaffold_10	23435	2	2236
scaffold_10	23436	2	2237
scaffold_10	23437	2	2238
scaffold_10	23438	2	2239
scaffold_10	23439	2	2240
scaffold_10	23440	2	2241
scaffold_10	23441	2	2242
scaffold_10	23442	2	2243
scaffold_10	23443	2	2244
scaffold_10	23444	2	2245
scaffold_10	23445	2	2246
scaffold_10	23446	2	2247
scaffold_10	23447	2	2248
scaffold_10	23448	2	2249
scaffold_10	23449	2	2250
scaffold_10	23450	2	2251
scaffold_10	23451	2	2252
scaffold_10	23452	2	2253
scaffold_10	23453	2	2254
scaffold_10	23454	2	2255
scaffold_10	23455	2	2256
scaffold_10	23456	2	2257
scaffold_10	23457	2	2258
scaffold_10	23458	2	2259
scaffold_10	23459	2	2260
scaffold_10	23460	2	2261
scaffold_10	23461	2	2262
scaffold_10	23462	2	2263
scaffold_10	23463	2	2264
scaffold_10	23464	2	2265
scaffold_10	23465	2	2266
scaffold_10	23466	2	2267
scaffold_10	23467	2	2268
scaffold_10	23468	2	2269
scaffold_10	23469	2	2270
scaffold_10	23470	2	2271
scaffold_10	23471	2	2272
scaffold_10	23472	2	2273
scaffold_10	23473	2	2274
scaffold_10	23474	2	2275
scaffold_10	23475	2	2276
scaffold_10	23476	2	2277
scaffold_10	23477	2	2278
scaffold_10	23478	2	2279
scaffold_10	23479	2	2280
scaffold_10	23480	2	2281
scaffold_10	23481	2	2282
scaffold_10	23482	2	2283
scaffold_10	23483	2	2284
scaffold_10	23484	2	2285
scaffold_10	23485	2	2286
scaffold_10	23486	2	2287
scaffold_10	23487	2	2288
scaffold_10	23488	2	2289
scaffold_10	23489	2	2290
scaffold_10	23490	2	2291
scaffold_10	23491	2	2292
scaffold_10	23492	2	2293
scaffold_10	23493	2	2294
scaffold_10	23494	2	2295
scaffold_10	23495	2	2296
scaffold_10	23496	1	2297
scaffold_10	23497	2	2298
scaffold_10	23498	1	2299
scaffold_10	23499	1	2300
scaffold_10	23500	2	2301
scaffold_10	23501	2	2302
scaffold_10	23502	2	2303
scaffold_10	23503	2	2304
scaffold_10	23504	2	2305
scaffold_10	23505	2	2306
scaffold_10	23506	2	2307
scaffold_10	23507	1	2308
scaffold_10	23508	2	2309
scaffold_10	23509	1	2310
scaffold_10	23510	2	2311
scaffold_10	23511	2	2312
scaffold_10	23512	2	2313
scaffold_10	23513	2	2314
scaffold_10	23514	2	2315
scaffold_10	23515	2	2316
scaffold_10	23516	2	2317
scaffold_10	23517	2	2318
scaffold_10	23518	2	2319
scaffold_10	23519	2	2320
scaffold_10	23520	2	2321
scaffold_10	23521	2	2322
scaffold_10	23522	1	2323
scaffold_10	23523	2	2324
scaffold_10	23524	2	2325
scaffold_10	23525	2	2326
scaffold_10	23526	1	2327
scaffold_10	23527	2	2328
scaffold_10	23528	2	2329
scaffold_10	23529	2	2330
scaffold_10	23530	2	2331
scaffold_10	23531	2	2332
scaffold_10	23532	2	2333
scaffold_10	23533	2	2334
scaffold_10	23534	2	2335
scaffold_10	23535	2	2336
scaffold_10	23536	2	2337
scaffold_10	23537	2	2338
scaffold_10	23538	2	2339
scaffold_10	23539	2	2340
scaffold_10	23540	2	2341
scaffold_10	23541	1	2342
scaffold_10	23542	1	2343
scaffold_10	23543	2	2344
scaffold_10	23544	1	2345
scaffold_10	23545	2	2346
scaffold_10	23546	2	2347
scaffold_10	23547	2	2348
scaffold_10	23548	2	2349
scaffold_10	23549	1	2350
scaffold_10	23550	2	2351
scaffold_10	23551	2	2352
scaffold_10	23552	2	2353
scaffold_10	23553	2	2354
scaffold_10	23554	2	2355
scaffold_10	23555	2	2356
scaffold_10	23556	1	2357
scaffold_10	23557	2	2358
scaffold_10	23558	1	2359
scaffold_10	23559	2	2360
scaffold_10	23560	2	2361
scaffold_10	23561	2	2362
scaffold_10	23562	2	2363
scaffold_10	23563	2	2364
scaffold_10	23564	2	2365
scaffold_10	23565	2	2366
scaffold_10	23566	2	2367
scaffold_10	23567	2	2368
scaffold_10	23568	2	2369
scaffold_10	23569	2	2370
scaffold_10	23570	2	2371
scaffold_10	23571	2	2372
scaffold_10	23572	2	2373
scaffold_10	23573	2	2374
scaffold_10	23574	2	2375
scaffold_10	23575	2	2376
scaffold_10	23576	2	2377
scaffold_10	23577	2	2378
scaffold_10	23578	2	2379
scaffold_10	23579	1	2380
scaffold_10	23580	2	2381
scaffold_10	23581	1	2382
scaffold_10	23582	2	2383
scaffold_10	23583	2	2384
scaffold_10	23584	1	2385
scaffold_10	23585	2	2386
scaffold_10	23586	2	2387
scaffold_10	23587	2	2388
scaffold_10	23588	2	2389
scaffold_10	23589	2	2390
scaffold_10	23590	2	2391
scaffold_10	23591	2	2392
scaffold_10	23592	2	2393
scaffold_10	23863	1	2664
scaffold_10	23865	1	2666
scaffold_10	23866	2	2667
scaffold_10	23867	2	2668
scaffold_10	23868	2	2669
scaffold_10	23869	3	2670
scaffold_10	23870	3	2671
scaffold_10	23871	3	2672
scaffold_10	23872	10	2673
scaffold_10	23873	10	2674
scaffold_10	23874	10	2675
scaffold_10	23875	10	2676
scaffold_10	23876	10	2677
scaffold_10	23877	11	2678
scaffold_10	23878	11	2679
scaffold_10	23879	11	2680
scaffold_10	23880	10	2681
scaffold_10	23881	11	2682
scaffold_10	23882	12	2683
scaffold_10	23883	12	2684
scaffold_10	23884	12	2685
scaffold_10	23885	11	2686
scaffold_10	23886	12	2687
scaffold_10	23887	12	2688
scaffold_10	23888	11	2689
scaffold_10	23889	11	2690
scaffold_10	23890	12	2691
scaffold_10	23891	12	2692
scaffold_10	23892	12	2693
scaffold_10	23893	12	2694
scaffold_10	23894	12	2695
scaffold_10	23895	12	2696
scaffold_10	23896	11	2697
scaffold_10	23897	12	2698
scaffold_10	23898	12	2699
scaffold_10	23899	12	2700
scaffold_10	23900	12	2701
scaffold_10	23901	12	2702
scaffold_10	23902	12	2703
scaffold_10	23903	12	2704
scaffold_10	23904	13	2705
scaffold_10	23905	12	2706
scaffold_10	23906	13	2707
scaffold_10	23907	13	2708
scaffold_10	23908	13	2709
scaffold_10	23909	13	2710
scaffold_10	23910	11	2711
scaffold_10	23911	12	2712
scaffold_10	23912	12	2713
scaffold_10	23913	18	2714
scaffold_10	23914	18	2715
scaffold_10	23915	18	2716
scaffold_10	23916	18	2717
scaffold_10	23917	18	2718
scaffold_10	23918	18	2719
scaffold_10	23919	18	2720
scaffold_10	23920	17	2721
scaffold_10	23921	18	2722
scaffold_10	23922	18	2723
scaffold_10	23923	18	2724
scaffold_10	23924	18	2725
scaffold_10	23925	18	2726
scaffold_10	23926	19	2727
scaffold_10	23927	19	2728
scaffold_10	23928	18	2729
scaffold_10	23929	18	2730
scaffold_10	23930	19	2731
scaffold_10	23931	19	2732
scaffold_10	23932	19	2733
scaffold_10	23933	18	2734
scaffold_10	23934	19	2735
scaffold_10	23935	18	2736
scaffold_10	23936	19	2737
scaffold_10	23937	19	2738
scaffold_10	23938	19	2739
scaffold_10	23939	19	2740
scaffold_10	23940	18	2741
scaffold_10	23941	19	2742
scaffold_10	23942	19	2743
scaffold_10	23943	19	2744
scaffold_10	23944	19	2745
scaffold_10	23945	19	2746
scaffold_10	23946	19	2747
scaffold_10	23947	19	2748
scaffold_10	23948	18	2749
scaffold_10	23949	19	2750
scaffold_10	23950	20	2751
scaffold_10	23951	17	2752
scaffold_10	23952	19	2753
scaffold_10	23953	19	2754
scaffold_10	23954	18	2755
scaffold_10	23955	18	2756
scaffold_10	23956	18	2757
scaffold_10	23957	18	2758
scaffold_10	23958	18	2759
scaffold_10	23959	18	2760
scaffold_10	23960	18	2761
scaffold_10	23961	18	2762
scaffold_10	23962	18	2763
scaffold_10	23963	18	2764
scaffold_10	23964	18	2765
scaffold_10	23965	18	2766
scaffold_10	23966	18	2767
scaffold_10	23967	18	2768
scaffold_10	23968	18	2769
scaffold_10	23969	18	2770
scaffold_10	23970	18	2771
scaffold_10	23971	18	2772
scaffold_10	23972	18	2773
scaffold_10	23973	18	2774
scaffold_10	23974	18	2775
scaffold_10	23975	18	2776
scaffold_10	23976	18	2777
scaffold_10	23977	18	2778
scaffold_10	23978	18	2779
scaffold_10	23979	18	2780
scaffold_10	23980	18	2781
scaffold_10	23981	18	2782
scaffold_10	23982	18	2783
scaffold_10	23983	18	2784
scaffold_10	23984	18	2785
scaffold_10	23985	18	2786
scaffold_10	23986	18	2787
scaffold_10	23987	18	2788
scaffold_10	23988	17	2789
scaffold_10	23989	17	2790
scaffold_10	23990	18	2791
scaffold_10	23991	18	2792
scaffold_10	23992	18	2793
scaffold_10	23993	18	2794
scaffold_10	23994	18	2795
scaffold_10	23995	18	2796
scaffold_10	23996	18	2797
scaffold_10	23997	18	2798
scaffold_10	23998	18	2799
scaffold_10	23999	18	2800
scaffold_10	24000	18	2801
scaffold_10	24001	18	2802
scaffold_10	24002	18	2803
scaffold_10	24003	18	2804
scaffold_10	24004	18	2805
scaffold_10	24005	18	2806
scaffold_10	24006	18	2807
scaffold_10	24007	18	2808
scaffold_10	24008	18	2809
scaffold_10	24009	18	2810
scaffold_10	24010	18	2811
scaffold_10	24011	18	2812
scaffold_10	24012	18	2813
scaffold_10	24013	18	2814
scaffold_10	24014	18	2815
scaffold_10	24015	18	2816
scaffold_10	24016	18	2817
scaffold_10	24017	18	2818
scaffold_10	24018	19	2819
scaffold_10	24019	19	2820
scaffold_10	24020	19	2821
scaffold_10	24021	19	2822
scaffold_10	24022	18	2823
scaffold_10	24023	18	2824
scaffold_10	24024	18	2825
scaffold_10	24025	18	2826
scaffold_10	24026	18	2827
scaffold_10	24027	18	2828
scaffold_10	24028	17	2829
scaffold_10	24029	18	2830
scaffold_10	24030	18	2831
scaffold_10	24031	18	2832
scaffold_10	24032	18	2833
scaffold_10	24033	18	2834
scaffold_10	24034	18	2835
scaffold_10	24035	18	2836
scaffold_10	24036	18	2837
scaffold_10	24037	18	2838
scaffold_10	24038	16	2839
scaffold_10	24039	18	2840
scaffold_10	24040	18	2841
scaffold_10	24041	18	2842
scaffold_10	24042	18	2843
scaffold_10	24043	18	2844
scaffold_10	24044	17	2845
scaffold_10	24045	17	2846
scaffold_10	24046	17	2847
scaffold_10	24047	17	2848
scaffold_10	24048	17	2849
scaffold_10	24049	17	2850
scaffold_10	24050	17	2851
scaffold_10	24051	17	2852
scaffold_10	24052	17	2853
scaffold_10	24053	17	2854
scaffold_10	24054	17	2855
scaffold_10	24055	17	2856
scaffold_10	24056	17	2857
scaffold_10	24057	17	2858
scaffold_10	24058	16	2859
scaffold_10	24059	17	2860
scaffold_10	24060	16	2861
scaffold_10	24061	17	2862
scaffold_10	24062	17	2863
scaffold_10	24063	14	2864
scaffold_10	24064	14	2865
scaffold_10	24065	17	2866
scaffold_10	24066	17	2867
scaffold_10	24067	15	2868
scaffold_10	24068	17	2869
scaffold_10	24069	17	2870
scaffold_10	24070	17	2871
scaffold_10	24071	17	2872
scaffold_10	24072	16	2873
scaffold_10	24073	15	2874
scaffold_10	24074	15	2875
scaffold_10	24075	17	2876
scaffold_10	24076	17	2877
scaffold_10	24077	17	2878
scaffold_10	24078	17	2879
scaffold_10	24079	17	2880
scaffold_10	24080	17	2881
scaffold_10	24081	17	2882
scaffold_10	24082	17	2883
scaffold_10	24083	17	2884
scaffold_10	24084	16	2885
scaffold_10	24085	17	2886
scaffold_10	24086	16	2887
scaffold_10	24087	16	2888
scaffold_10	24088	17	2889
scaffold_10	24089	17	2890
scaffold_10	24090	18	2891
scaffold_10	24091	17	2892
scaffold_10	24092	17	2893
scaffold_10	24093	18	2894
scaffold_10	24094	18	2895
scaffold_10	24095	18	2896
scaffold_10	24096	18	2897
scaffold_10	24097	18	2898
scaffold_10	24098	18	2899
scaffold_10	24099	19	2900
scaffold_10	24100	17	2901
scaffold_10	24101	17	2902
scaffold_10	24102	17	2903
scaffold_10	24103	17	2904
scaffold_10	24104	17	2905
scaffold_10	24105	17	2906
scaffold_10	24106	17	2907
scaffold_10	24107	17	2908
scaffold_10	24108	17	2909
scaffold_10	24109	17	2910
scaffold_10	24110	17	2911
scaffold_10	24111	17	2912
scaffold_10	24112	17	2913
scaffold_10	24113	17	2914
scaffold_10	24114	11	2915
scaffold_10	24115	11	2916
scaffold_10	24116	11	2917
scaffold_10	24117	11	2918
scaffold_10	24118	11	2919
scaffold_10	24119	11	2920
scaffold_10	24120	11	2921
scaffold_10	24121	10	2922
scaffold_10	24122	10	2923
scaffold_10	24123	10	2924
scaffold_10	24124	10	2925
scaffold_10	24125	10	2926
scaffold_10	24126	10	2927
scaffold_10	24127	10	2928
scaffold_10	24128	10	2929
scaffold_10	24129	10	2930
scaffold_10	24130	10	2931
scaffold_10	24131	10	2932
scaffold_10	24132	10	2933
scaffold_10	24133	10	2934
scaffold_10	24134	10	2935
scaffold_10	24135	10	2936
scaffold_10	24136	10	2937
scaffold_10	24137	10	2938
scaffold_10	24138	10	2939
scaffold_10	24139	10	2940
scaffold_10	24140	10	2941
scaffold_10	24141	10	2942
scaffold_10	24142	10	2943
scaffold_10	24143	10	2944
scaffold_10	24144	9	2945
scaffold_10	24145	10	2946
scaffold_10	24146	10	2947
scaffold_10	24147	10	2948
scaffold_10	24148	10	2949
scaffold_10	24149	10	2950
scaffold_10	24150	10	2951
scaffold_10	24151	10	2952
scaffold_10	24152	10	2953
scaffold_10	24153	10	2954
scaffold_10	24154	10	2955
scaffold_10	24155	10	2956
scaffold_10	24156	10	2957
scaffold_10	24157	10	2958
scaffold_10	24158	10	2959
scaffold_10	24159	10	2960
scaffold_10	24160	10	2961
scaffold_10	24161	10	2962
scaffold_10	24162	10	2963
scaffold_10	24163	10	2964
scaffold_10	24164	9	2965
scaffold_10	24165	10	2966
scaffold_10	24166	10	2967
scaffold_10	24167	9	2968
scaffold_10	24168	10	2969
scaffold_10	24169	10	2970
scaffold_10	24170	10	2971
scaffold_10	24171	10	2972
scaffold_10	24172	10	2973
scaffold_10	24173	10	2974
scaffold_10	24174	10	2975
scaffold_10	24175	10	2976
scaffold_10	24176	9	2977
scaffold_10	24177	10	2978
scaffold_10	24178	10	2979
scaffold_10	24179	10	2980
scaffold_10	24180	10	2981
scaffold_10	24181	10	2982
scaffold_10	24182	10	2983
scaffold_10	24183	10	2984
scaffold_10	24184	10	2985
scaffold_10	24185	10	2986
scaffold_10	24186	10	2987
scaffold_10	24187	10	2988
scaffold_10	24188	10	2989
scaffold_10	24189	10	2990
scaffold_10	24190	9	2991
scaffold_10	24191	6	2992
scaffold_10	24192	6	2993
scaffold_10	24193	6	2994
scaffold_10	24194	6	2995
scaffold_10	24195	5	2996
scaffold_10	24196	5	2997
scaffold_10	24197	6	2998
scaffold_10	24198	6	2999
scaffold_10	24199	6	3000
scaffold_10	24200	6	3001
scaffold_10	24201	6	3002
scaffold_10	24202	6	3003
scaffold_10	24203	6	3004
scaffold_10	24204	6	3005
scaffold_10	24205	6	3006
scaffold_10	24206	6	3007
scaffold_10	24207	6	3008
scaffold_10	24208	6	3009
scaffold_10	24209	6	3010
scaffold_10	24210	6	3011
scaffold_10	24211	6	3012
scaffold_10	24212	6	3013
scaffold_10	24213	6	3014
scaffold_10	24214	6	3015
scaffold_10	24215	3	3016
scaffold_10	24216	3	3017
scaffold_10	24217	3	3018
scaffold_10	24218	3	3019
scaffold_10	24219	3	3020
scaffold_10	24220	3	3021
scaffold_10	24221	3	3022
scaffold_10	24222	3	3023
scaffold_10	24223	3	3024
scaffold_10	24224	3	3025
scaffold_10	24225	3	3026
scaffold_10	24226	3	3027
scaffold_10	24227	3	3028
scaffold_10	24228	3	3029
scaffold_10	24229	3	3030
scaffold_10	24230	3	3031
scaffold_10	24231	2	3032
scaffold_10	24232	3	3033
scaffold_10	24233	3	3034
scaffold_10	24234	3	3035
scaffold_10	24235	3	3036
scaffold_10	24236	3	3037
scaffold_10	24237	2	3038
scaffold_10	24238	3	3039
scaffold_10	24239	3	3040
scaffold_10	24240	2	3041
scaffold_10	24241	2	3042
scaffold_10	24242	2	3043
scaffold_10	24243	2	3044
scaffold_10	24244	2	3045
scaffold_10	24245	2	3046
scaffold_10	24246	2	3047
scaffold_10	24247	2	3048
scaffold_10	24248	2	3049
scaffold_10	24249	1	3050
scaffold_10	24250	1	3051
scaffold_10	24251	1	3052
scaffold_10	24252	1	3053
scaffold_10	24253	1	3054
scaffold_10	24254	1	3055
scaffold_10	24255	1	3056
scaffold_10	24256	1	3057
scaffold_10	24257	1	3058
scaffold_10	24258	1	3059
scaffold_10	24259	1	3060
scaffold_10	24260	1	3061
scaffold_10	24261	1	3062
scaffold_10	24262	1	3063
scaffold_10	24263	1	3064
scaffold_10	24264	1	3065
scaffold_10	24265	1	3066
scaffold_10	24266	1	3067
scaffold_10	24267	1	3068
scaffold_10	24268	1	3069
scaffold_10	24269	1	3070
scaffold_10	24270	1	3071
scaffold_10	24271	1	3072
scaffold_10	24272	1	3073
scaffold_10	24273	1	3074
scaffold_10	24274	1	3075
scaffold_10	24275	1	3076
scaffold_10	24276	1	3077
scaffold_10	24277	1	3078
scaffold_10	24278	1	3079
scaffold_10	24279	1	3080
scaffold_10	24280	1	3081
scaffold_10	24879	2	3680
scaffold_10	24880	2	3681
scaffold_10	24881	2	3682
scaffold_10	24882	2	3683
scaffold_10	24883	2	3684
scaffold_10	24884	2	3685
scaffold_10	24885	2	3686
scaffold_10	24886	2	3687
scaffold_10	24887	2	3688
scaffold_10	24888	2	3689
scaffold_10	24889	2	3690
scaffold_10	24890	2	3691
scaffold_10	24891	2	3692
scaffold_10	24892	2	3693
scaffold_10	24893	2	3694
scaffold_10	24894	2	3695
scaffold_10	24895	2	3696
scaffold_10	24896	2	3697
scaffold_10	24897	2	3698
scaffold_10	24898	2	3699
scaffold_10	24899	2	3700
scaffold_10	24900	2	3701
scaffold_10	24901	2	3702
scaffold_10	24902	2	3703
scaffold_10	24903	2	3704
scaffold_10	24904	2	3705
scaffold_10	24905	1	3706
scaffold_10	24906	2	3707
scaffold_10	24907	2	3708
scaffold_10	24908	2	3709
scaffold_10	24909	2	3710
scaffold_10	24910	2	3711
scaffold_10	24911	2	3712
scaffold_10	24912	2	3713
scaffold_10	24913	2	3714
scaffold_10	24914	2	3715
scaffold_10	24915	2	3716
scaffold_10	24916	2	3717
scaffold_10	24917	2	3718
scaffold_10	24918	2	3719
scaffold_10	24919	2	3720
scaffold_10	24920	2	3721
scaffold_10	24921	2	3722
scaffold_10	24922	2	3723
scaffold_10	24923	2	3724
scaffold_10	24924	2	3725
scaffold_10	24925	2	3726
scaffold_10	24926	2	3727
scaffold_10	24927	2	3728
scaffold_10	24928	2	3729
scaffold_10	24929	2	3730
scaffold_10	24930	2	3731
scaffold_10	24931	2	3732
scaffold_10	24932	2	3733
scaffold_10	24933	2	3734
scaffold_10	24934	2	3735
scaffold_10	24935	2	3736
scaffold_10	24936	2	3737
scaffold_10	24937	2	3738
scaffold_10	24938	2	3739
scaffold_10	24939	2	3740
scaffold_10	24940	2	3741
scaffold_10	24941	2	3742
scaffold_10	24942	2	3743
scaffold_10	24943	2	3744
scaffold_10	24944	2	3745
scaffold_10	24945	2	3746
scaffold_10	24946	2	3747
scaffold_10	24947	1	3748
scaffold_10	24948	2	3749
scaffold_10	24949	2	3750
scaffold_10	24950	2	3751
scaffold_10	24951	2	3752
scaffold_10	24952	2	3753
scaffold_10	24953	2	3754
scaffold_10	24954	2	3755
scaffold_10	24955	1	3756
scaffold_10	24956	2	3757
scaffold_10	24957	2	3758
scaffold_10	24958	4	3759
scaffold_10	24959	4	3760
scaffold_10	24960	4	3761
scaffold_10	24961	4	3762
scaffold_10	24962	4	3763
scaffold_10	24963	4	3764
scaffold_10	24964	4	3765
scaffold_10	24965	4	3766
scaffold_10	24966	4	3767
scaffold_10	24967	4	3768
scaffold_10	24968	4	3769
scaffold_10	24969	4	3770
scaffold_10	24970	4	3771
scaffold_10	24971	4	3772
scaffold_10	24972	4	3773
scaffold_10	24973	4	3774
scaffold_10	24974	4	3775
scaffold_10	24975	4	3776
scaffold_10	24976	4	3777
scaffold_10	24977	4	3778
scaffold_10	24978	4	3779
scaffold_10	24979	4	3780
scaffold_10	24980	3	3781
scaffold_10	24981	4	3782
scaffold_10	24982	4	3783
scaffold_10	24983	4	3784
scaffold_10	24984	4	3785
scaffold_10	24985	4	3786
scaffold_10	24986	4	3787
scaffold_10	24987	4	3788
scaffold_10	24988	4	3789
scaffold_10	24989	4	3790
scaffold_10	24990	4	3791
scaffold_10	24991	4	3792
scaffold_10	24992	4	3793
scaffold_10	24993	4	3794
scaffold_10	24994	4	3795
scaffold_10	24995	4	3796
scaffold_10	24996	4	3797
scaffold_10	24997	4	3798
scaffold_10	24998	4	3799
scaffold_10	24999	4	3800
scaffold_10	25000	4	3801
scaffold_10	25001	4	3802
scaffold_10	25002	4	3803
scaffold_10	25003	4	3804
scaffold_10	25004	4	3805
scaffold_10	25005	4	3806
scaffold_10	25006	4	3807
scaffold_10	25007	4	3808
scaffold_10	25008	4	3809
scaffold_10	25009	4	3810
scaffold_10	25010	3	3811
scaffold_10	25011	4	3812
scaffold_10	25012	4	3813
scaffold_10	25013	4	3814
scaffold_10	25014	4	3815
scaffold_10	25015	4	3816
scaffold_10	25016	4	3817
scaffold_10	25017	3	3818
scaffold_10	25018	4	3819
scaffold_10	25019	4	3820
scaffold_10	25020	4	3821
scaffold_10	25021	4	3822
scaffold_10	25022	4	3823
scaffold_10	25023	4	3824
scaffold_10	25024	4	3825
scaffold_10	25025	4	3826
scaffold_10	25026	4	3827
scaffold_10	25027	4	3828
scaffold_10	25028	4	3829
scaffold_10	25029	2	3830
scaffold_10	25030	2	3831
scaffold_10	25031	2	3832
scaffold_10	25032	2	3833
scaffold_10	25033	2	3834
scaffold_10	25034	2	3835
scaffold_10	25035	2	3836
scaffold_10	25036	2	3837
scaffold_10	25037	2	3838
scaffold_10	25038	2	3839
scaffold_10	25039	2	3840
scaffold_10	25040	2	3841
scaffold_10	25041	2	3842
scaffold_10	25042	2	3843
scaffold_10	25043	2	3844
scaffold_10	25044	2	3845
scaffold_10	25045	2	3846
scaffold_10	25046	2	3847
scaffold_10	25047	2	3848
scaffold_10	25048	2	3849
scaffold_10	25049	2	3850
scaffold_10	25050	2	3851
scaffold_10	25051	2	3852
scaffold_10	25052	2	3853
scaffold_10	25053	2	3854
scaffold_10	25054	2	3855
scaffold_10	25055	2	3856
scaffold_10	25056	2	3857
scaffold_10	25057	2	3858
scaffold_10	25058	2	3859
scaffold_10	25059	2	3860
scaffold_10	25060	2	3861
scaffold_10	25061	2	3862
scaffold_10	25062	2	3863
scaffold_10	25063	2	3864
scaffold_10	25064	2	3865
scaffold_10	25065	2	3866
scaffold_10	25066	2	3867
scaffold_10	25067	2	3868
scaffold_10	25068	2	3869
scaffold_10	25069	2	3870
scaffold_10	25070	2	3871
scaffold_10	25071	2	3872
scaffold_10	25072	2	3873
scaffold_10	25073	4	3874
scaffold_10	25074	4	3875
scaffold_10	25075	4	3876
scaffold_10	25076	4	3877
scaffold_10	25077	4	3878
scaffold_10	25078	4	3879
scaffold_10	25079	4	3880
scaffold_10	25080	4	3881
scaffold_10	25081	4	3882
scaffold_10	25082	4	3883
scaffold_10	25083	4	3884
scaffold_10	25084	4	3885
scaffold_10	25085	4	3886
scaffold_10	25086	4	3887
scaffold_10	25087	4	3888
scaffold_10	25088	4	3889
scaffold_10	25089	4	3890
scaffold_10	25090	4	3891
scaffold_10	25091	4	3892
scaffold_10	25092	4	3893
scaffold_10	25093	4	3894
scaffold_10	25094	4	3895
scaffold_10	25095	4	3896
scaffold_10	25096	4	3897
scaffold_10	25097	4	3898
scaffold_10	25098	4	3899
scaffold_10	25099	4	3900
scaffold_10	25100	4	3901
scaffold_10	25101	4	3902
scaffold_10	25102	4	3903
scaffold_10	25103	4	3904
scaffold_10	25104	4	3905
scaffold_10	25105	4	3906
scaffold_10	25106	4	3907
scaffold_10	25107	4	3908
scaffold_10	25108	4	3909
scaffold_10	25109	4	3910
scaffold_10	25110	4	3911
scaffold_10	25111	4	3912
scaffold_10	25112	4	3913
scaffold_10	25113	4	3914
scaffold_10	25114	4	3915
scaffold_10	25115	3	3916
scaffold_10	25116	4	3917
scaffold_10	25117	4	3918
scaffold_10	25118	4	3919
scaffold_10	25119	4	3920
scaffold_10	25120	4	3921
scaffold_10	25121	4	3922
scaffold_10	25122	4	3923
scaffold_10	25123	4	3924
scaffold_10	25124	4	3925
scaffold_10	25125	4	3926
scaffold_10	25126	4	3927
scaffold_10	25127	4	3928
scaffold_10	25128	4	3929
scaffold_10	25129	3	3930
scaffold_10	25130	4	3931
scaffold_10	25131	4	3932
scaffold_10	25132	4	3933
scaffold_10	25133	4	3934
scaffold_10	25134	4	3935
scaffold_10	25135	4	3936
scaffold_10	25136	4	3937
scaffold_10	25137	4	3938
scaffold_10	25138	4	3939
scaffold_10	25139	4	3940
scaffold_10	25140	4	3941
scaffold_10	25141	4	3942
scaffold_10	25142	4	3943
scaffold_10	25143	4	3944
scaffold_10	25144	4	3945
scaffold_10	25145	4	3946
scaffold_10	25146	4	3947
scaffold_10	25147	4	3948
scaffold_10	25148	4	3949
scaffold_10	25149	4	3950
scaffold_10	25150	4	3951
scaffold_10	25151	4	3952
scaffold_10	25152	4	3953
scaffold_10	25153	3	3954
scaffold_10	25154	4	3955
scaffold_10	25155	4	3956
scaffold_10	25156	4	3957
scaffold_10	25157	4	3958
scaffold_10	25158	4	3959
scaffold_10	25159	4	3960
scaffold_10	25160	4	3961
scaffold_10	25161	4	3962
scaffold_10	25162	4	3963
scaffold_10	25163	4	3964
scaffold_10	25164	4	3965
scaffold_10	25165	4	3966
scaffold_10	25166	4	3967
scaffold_10	25167	4	3968
scaffold_10	25168	4	3969
scaffold_10	25169	4	3970
scaffold_10	25170	4	3971
scaffold_10	25171	4	3972
scaffold_10	25172	4	3973
scaffold_10	25173	4	3974
scaffold_10	25174	4	3975
scaffold_10	25175	4	3976
scaffold_10	25176	4	3977
scaffold_10	25177	4	3978
scaffold_10	25178	4	3979
scaffold_10	25179	4	3980
scaffold_10	25180	4	3981
scaffold_10	25181	4	3982
scaffold_10	25182	4	3983
scaffold_10	25183	4	3984
scaffold_10	25184	4	3985
scaffold_10	25185	4	3986
scaffold_10	25186	4	3987
scaffold_10	25187	4	3988
scaffold_10	25188	4	3989
scaffold_10	25189	4	3990
scaffold_10	25190	4	3991
scaffold_10	25191	4	3992
scaffold_10	25192	4	3993
scaffold_10	25193	4	3994
scaffold_10	25194	4	3995
scaffold_10	25195	2	3996
scaffold_10	25196	2	3997
scaffold_10	25197	2	3998
scaffold_10	25198	2	3999
scaffold_10	25199	2	4000
scaffold_10	25200	2	4001
scaffold_10	25201	2	4002
scaffold_10	25202	2	4003
scaffold_10	25203	2	4004
scaffold_10	25204	2	4005
scaffold_10	25205	2	4006
scaffold_10	25206	2	4007
scaffold_10	25207	2	4008
scaffold_10	25208	2	4009
scaffold_10	25209	2	4010
scaffold_10	25210	2	4011
scaffold_10	25211	2	4012
scaffold_10	25212	2	4013
scaffold_10	25213	2	4014
scaffold_10	25214	2	4015
scaffold_10	25215	2	4016
scaffold_10	25216	2	4017
scaffold_10	25217	2	4018
scaffold_10	25218	2	4019
scaffold_10	25219	2	4020
scaffold_10	25220	2	4021
scaffold_10	25221	2	4022
scaffold_10	25222	2	4023
scaffold_10	25290	1	4091
scaffold_10	25291	1	4092
scaffold_10	25292	1	4093
scaffold_10	25293	1	4094
scaffold_10	25294	1	4095
scaffold_10	25295	1	4096
scaffold_10	25296	1	4097
scaffold_10	25297	1	4098
scaffold_10	25298	1	4099
scaffold_10	25299	1	4100
scaffold_10	25300	1	4101
scaffold_10	25301	1	4102
scaffold_10	25302	1	4103
scaffold_10	25303	1	4104
scaffold_10	25304	1	4105
scaffold_10	25305	1	4106
scaffold_10	25306	1	4107
scaffold_10	25307	1	4108
scaffold_10	25308	1	4109
scaffold_10	25309	1	4110
scaffold_10	25310	1	4111
scaffold_10	25311	1	4112
scaffold_10	25312	1	4113
scaffold_10	25313	1	4114
scaffold_10	25314	1	4115
scaffold_10	25315	1	4116
scaffold_10	25316	1	4117
scaffold_10	25317	1	4118
scaffold_10	25318	1	4119
scaffold_10	25319	1	4120
scaffold_10	25320	1	4121
scaffold_10	25321	1	4122
scaffold_10	25322	1	4123
scaffold_10	25323	1	4124
scaffold_10	25324	1	4125
scaffold_10	25325	1	4126
scaffold_10	25326	1	4127
scaffold_10	25327	1	4128
scaffold_10	25328	1	4129
scaffold_10	25329	1	4130
scaffold_10	25330	1	4131
scaffold_10	25331	1	4132
scaffold_10	25332	1	4133
scaffold_10	25333	1	4134
scaffold_10	25334	1	4135
scaffold_10	25335	1	4136
scaffold_10	25336	1	4137
scaffold_10	25337	1	4138
scaffold_10	25338	1	4139
scaffold_10	25339	1	4140
scaffold_10	25340	1	4141
scaffold_10	25341	1	4142
scaffold_10	25342	1	4143
scaffold_10	25343	1	4144
scaffold_10	25344	1	4145
scaffold_10	25345	1	4146
scaffold_10	25346	1	4147
scaffold_10	25347	1	4148
scaffold_10	25348	3	4149
scaffold_10	25349	3	4150
scaffold_10	25350	3	4151
scaffold_10	25351	3	4152
scaffold_10	25352	3	4153
scaffold_10	25353	3	4154
scaffold_10	25354	3	4155
scaffold_10	25355	3	4156
scaffold_10	25356	3	4157
scaffold_10	25357	3	4158
scaffold_10	25358	3	4159
scaffold_10	25359	3	4160
scaffold_10	25360	3	4161
scaffold_10	25361	3	4162
scaffold_10	25362	3	4163
scaffold_10	25363	3	4164
scaffold_10	25364	3	4165
scaffold_10	25365	3	4166
scaffold_10	25366	3	4167
scaffold_10	25367	3	4168
scaffold_10	25368	2	4169
scaffold_10	25369	3	4170
scaffold_10	25370	4	4171
scaffold_10	25371	4	4172
scaffold_10	25372	4	4173
scaffold_10	25373	4	4174
scaffold_10	25374	4	4175
scaffold_10	25375	4	4176
scaffold_10	25376	4	4177
scaffold_10	25377	4	4178
scaffold_10	25378	4	4179
scaffold_10	25379	4	4180
scaffold_10	25380	4	4181
scaffold_10	25381	4	4182
scaffold_10	25382	4	4183
scaffold_10	25383	4	4184
scaffold_10	25384	4	4185
scaffold_10	25385	4	4186
scaffold_10	25386	4	4187
scaffold_10	25387	4	4188
scaffold_10	25388	4	4189
scaffold_10	25389	4	4190
scaffold_10	25390	4	4191
scaffold_10	25391	4	4192
scaffold_10	25392	4	4193
scaffold_10	25393	4	4194
scaffold_10	25394	4	4195
scaffold_10	25395	4	4196
scaffold_10	25396	4	4197
scaffold_10	25397	4	4198
scaffold_10	25398	4	4199
scaffold_10	25399	4	4200
scaffold_10	25400	4	4201
scaffold_10	25401	4	4202
scaffold_10	25402	4	4203
scaffold_10	25403	4	4204
scaffold_10	25404	4	4205
scaffold_10	25405	4	4206
scaffold_10	25406	4	4207
scaffold_10	25407	4	4208
scaffold_10	25408	4	4209
scaffold_10	25409	4	4210
scaffold_10	25410	4	4211
scaffold_10	25411	4	4212
scaffold_10	25412	4	4213
scaffold_10	25413	4	4214
scaffold_10	25414	4	4215
scaffold_10	25415	4	4216
scaffold_10	25416	4	4217
scaffold_10	25417	4	4218
scaffold_10	25418	4	4219
scaffold_10	25419	4	4220
scaffold_10	25420	4	4221
scaffold_10	25421	4	4222
scaffold_10	25422	4	4223
scaffold_10	25423	4	4224
scaffold_10	25424	4	4225
scaffold_10	25425	4	4226
scaffold_10	25426	4	4227
scaffold_10	25427	4	4228
scaffold_10	25428	4	4229
scaffold_10	25429	4	4230
scaffold_10	25430	4	4231
scaffold_10	25431	4	4232
scaffold_10	25432	4	4233
scaffold_10	25433	4	4234
scaffold_10	25434	4	4235
scaffold_10	25435	4	4236
scaffold_10	25436	4	4237
scaffold_10	25437	4	4238
scaffold_10	25438	4	4239
scaffold_10	25439	4	4240
scaffold_10	25440	3	4241
scaffold_10	25441	3	4242
scaffold_10	25442	3	4243
scaffold_10	25443	3	4244
scaffold_10	25444	3	4245
scaffold_10	25445	3	4246
scaffold_10	25446	3	4247
scaffold_10	25447	3	4248
scaffold_10	25448	3	4249
scaffold_10	25449	3	4250
scaffold_10	25450	3	4251
scaffold_10	25451	3	4252
scaffold_10	25452	3	4253
scaffold_10	25453	3	4254
scaffold_10	25454	3	4255
scaffold_10	25455	3	4256
scaffold_10	25456	3	4257
scaffold_10	25457	3	4258
scaffold_10	25458	3	4259
scaffold_10	25459	3	4260
scaffold_10	25460	3	4261
scaffold_10	25461	3	4262
scaffold_10	25462	3	4263
scaffold_10	25463	3	4264
scaffold_10	25464	3	4265
scaffold_10	25465	3	4266
scaffold_10	25466	3	4267
scaffold_10	25467	3	4268
scaffold_10	25468	3	4269
scaffold_10	25469	3	4270
scaffold_10	25470	3	4271
scaffold_10	25471	3	4272
scaffold_10	25472	3	4273
scaffold_10	25473	3	4274
scaffold_10	25474	3	4275
scaffold_10	25475	3	4276
scaffold_10	25476	3	4277
scaffold_10	25477	3	4278
scaffold_10	25478	3	4279
scaffold_10	25479	3	4280
scaffold_10	25480	3	4281
scaffold_10	25481	3	4282
scaffold_10	25482	4	4283
scaffold_10	25483	4	4284
scaffold_10	25484	4	4285
scaffold_10	25485	4	4286
scaffold_10	25486	4	4287
scaffold_10	25487	4	4288
scaffold_10	25488	4	4289
scaffold_10	25489	4	4290
scaffold_10	25490	4	4291
scaffold_10	25491	4	4292
scaffold_10	25492	4	4293
scaffold_10	25493	4	4294
scaffold_10	25494	4	4295
scaffold_10	25495	4	4296
scaffold_10	25496	4	4297
scaffold_10	25497	4	4298
scaffold_10	25498	4	4299
scaffold_10	25499	4	4300
scaffold_10	25500	4	4301
scaffold_10	25501	4	4302
scaffold_10	25502	4	4303
scaffold_10	25503	4	4304
scaffold_10	25504	4	4305
scaffold_10	25505	4	4306
scaffold_10	25506	4	4307
scaffold_10	25507	4	4308
scaffold_10	25508	4	4309
scaffold_10	25509	4	4310
scaffold_10	25510	4	4311
scaffold_10	25511	4	4312
scaffold_10	25512	4	4313
scaffold_10	25513	4	4314
scaffold_10	25514	4	4315
scaffold_10	25515	4	4316
scaffold_10	25516	3	4317
scaffold_10	25517	4	4318
scaffold_10	25518	4	4319
scaffold_10	25519	4	4320
scaffold_10	25520	4	4321
scaffold_10	25521	4	4322
scaffold_10	25522	4	4323
scaffold_10	25523	4	4324
scaffold_10	25524	4	4325
scaffold_10	25525	4	4326
scaffold_10	25526	4	4327
scaffold_10	25527	4	4328
scaffold_10	25528	4	4329
scaffold_10	25529	4	4330
scaffold_10	25530	4	4331
scaffold_10	25531	4	4332
scaffold_10	25532	4	4333
scaffold_10	25533	4	4334
scaffold_10	25534	4	4335
scaffold_10	25535	4	4336
scaffold_10	25536	4	4337
scaffold_10	25537	4	4338
scaffold_10	25538	4	4339
scaffold_10	25539	4	4340
scaffold_10	25540	4	4341
scaffold_10	25541	4	4342
scaffold_10	25542	4	4343
scaffold_10	25543	4	4344
scaffold_10	25544	4	4345
scaffold_10	25545	4	4346
scaffold_10	25546	4	4347
scaffold_10	25547	4	4348
scaffold_10	25548	4	4349
scaffold_10	25549	3	4350
scaffold_10	25550	4	4351
scaffold_10	25551	4	4352
scaffold_10	25552	4	4353
scaffold_10	25553	4	4354
scaffold_10	25554	4	4355
scaffold_10	25555	2	4356
scaffold_10	25556	2	4357
scaffold_10	25557	2	4358
scaffold_10	25558	2	4359
scaffold_10	25559	2	4360
scaffold_10	25560	2	4361
scaffold_10	25561	2	4362
scaffold_10	25562	2	4363
scaffold_10	25563	2	4364
scaffold_10	25564	2	4365
scaffold_10	25565	2	4366
scaffold_10	25566	2	4367
scaffold_10	25567	2	4368
scaffold_10	25568	1	4369
scaffold_10	25569	1	4370
scaffold_10	25570	1	4371
scaffold_10	25571	1	4372
scaffold_10	25572	1	4373
scaffold_10	25573	1	4374
scaffold_10	25574	1	4375
scaffold_10	25575	1	4376
scaffold_10	25576	1	4377
scaffold_10	25577	1	4378
scaffold_10	25578	1	4379
scaffold_10	25579	1	4380
scaffold_10	25580	1	4381
scaffold_10	25581	1	4382
scaffold_10	25582	1	4383
scaffold_10	25583	1	4384
scaffold_10	25584	1	4385
scaffold_10	25585	1	4386
scaffold_10	25586	1	4387
scaffold_10	25587	1	4388
scaffold_10	25588	1	4389
scaffold_10	25589	1	4390
scaffold_10	25590	1	4391
scaffold_10	25591	1	4392
scaffold_10	25592	1	4393
scaffold_10	25593	1	4394
scaffold_10	25594	1	4395
scaffold_10	25595	1	4396
scaffold_10	25596	1	4397
scaffold_10	25597	1	4398
scaffold_10	25598	1	4399
scaffold_10	25599	1	4400
scaffold_10	25600	1	4401
scaffold_10	25601	1	4402
scaffold_10	25602	1	4403
scaffold_10	25603	1	4404
scaffold_10	25604	1	4405